#ping_size	no-rewriting	rewriting
200	0.296	0.295
400	0.320	0.329
600	0.333	0.359
800	0.367	0.379
1000	0.401	0.386
1200	0.417	0.410
1400	0.437	0.441
1600	0.448	0.457
1800	0.477	0.476
2000	0.505	0.500
2200	0.524	0.525
2400	0.536	0.543
2600	0.560	0.560
2800	0.586	0.580
3000	0.607	0.601
3200	0.633	0.633
3400	0.650	0.650
3600	0.670	0.657
3800	0.689	0.684
4000	0.693	0.708
4200	0.719	0.732
4400	0.752	0.752
4600	0.771	0.769
4800	0.794	0.790
5000	0.807	0.815
5200	0.833	0.832
5400	0.855	0.869
5600	0.880	0.887
5800	0.907	0.906
6000	0.926	0.925
6200	0.944	0.935
6400	0.957	0.957
6600	0.973	0.981
6800	1.002	0.998
7000	1.018	1.012
7200	1.036	1.037
7400	1.057	1.049
7600	1.084	1.067
7800	1.115	1.098
8000	1.090	1.089
8200	1.118	1.120
8400	1.141	1.132
8600	1.194	1.195
8800	1.215	1.209
8952	1.240	1.227
