#ping_size	no-rewriting	rewriting
200	0.307	0.311
400	0.332	0.333
600	0.352	0.344
800	0.367	0.370
1000	0.383	0.382
1200	0.409	0.395
1400	0.432	0.419
1600	0.450	0.452
1800	0.466	0.473
2000	0.489	0.493
2200	0.520	0.512
2400	0.536	0.536
2600	0.550	0.557
2800	0.588	0.582
3000	0.605	0.599
3200	0.613	0.620
3400	0.635	0.651
3600	0.666	0.671
3800	0.688	0.690
4000	0.718	0.715
4200	0.739	0.738
4400	0.753	0.754
4600	0.770	0.777
4800	0.795	0.793
5000	0.823	0.831
5200	0.852	0.851
5400	0.871	0.870
5600	0.891	0.888
5800	0.901	0.901
6000	0.927	0.921
6200	0.941	0.945
6400	0.961	0.959
6600	0.974	0.975
6800	0.993	0.991
7000	0.996	0.999
7200	0.998	0.990
7400	1.011	1.013
7600	1.025	1.025
7800	1.053	1.053
8000	1.071	1.087
8200	1.108	1.095
8400	1.120	1.161
8600	1.198	1.203
8800	1.219	1.220
8952	1.225	1.233
