#ToRs	Run1	Run2	Run3	Run4	Run5	Avg
1000	14	24	1	25	26	18.00000000000000000000	1	26
2000	27	24	25	0	29	21.00000000000000000000	0	29
3000	29	0	0	24	1	10.80000000000000000000	0	29
4000	24	26	25	25	1	20.20000000000000000000	1	26
5000	26	27	25	24	25	25.40000000000000000000	24	27
6000	27	25	21	24	1	19.60000000000000000000	1	27
7000	1	28	11	24	25	17.80000000000000000000	1	28
8000	28	0	0	1	24	10.60000000000000000000	0	28
9000	30	4	0	0	0	6.80000000000000000000	0	30
10000	21	0	0	10	20	10.20000000000000000000	0	21
