#ToRs	Run1	Run2	Run3	Run4	Run5	Avg
1000	179	181	181	180	180	180.20000000000000000000	179	181
2000	341	342	345	345	341	342.80000000000000000000	341	345
3000	504	524	512	514	511	513.00000000000000000000	504	524
4000	680	678	678	676	684	679.20000000000000000000	676	684
5000	841	842	840	852	843	843.60000000000000000000	840	852
6000	1007	999	1008	1008	1013	1007.00000000000000000000	999	1013
7000	1158	1189	1190	1197	1177	1182.20000000000000000000	1158	1197
8000	1356	1344	1347	1328	1356	1346.20000000000000000000	1328	1356
9000	1536	1513	1513	1497	1527	1517.20000000000000000000	1497	1536
10000	1686	1657	1665	1679	1667	1670.80000000000000000000	1657	1686
