#Delay(us)	rewriting	tunneling
1000	446.80000000000000000000	427.30000000000000000000
2000	591.00000000000000000000	344.30000000000000000000
3000	678.50000000000000000000	279.70000000000000000000
4000	624.90000000000000000000	344.10000000000000000000
5000	609.40000000000000000000	363.60000000000000000000
6000	544.70000000000000000000	432.30000000000000000000
7000	524.80000000000000000000	454.60000000000000000000
8000	491.40000000000000000000	490.00000000000000000000
8870	491.90000000000000000000	492.10000000000000000000
