#Delay(us)	rewriting	tunneling
1500	928.40000000000000000000	887.80000000000000000000
2000	946.00000000000000000000	914.80000000000000000000
3000	963.90000000000000000000	941.90000000000000000000
4000	973.00000000000000000000	956.00000000000000000000
5000	977.90000000000000000000	964.90000000000000000000
6000	982.00000000000000000000	970.70000000000000000000
7000	984.00000000000000000000	974.90000000000000000000
8000	986.00000000000000000000	978.00000000000000000000
8930	988.00000000000000000000	979.90000000000000000000
