#ping_size	no-rewriting	rewriting
200	0.988	0.999
400	1.009	1.014
600	1.003	1.032
800	1.073	1.051
1000	1.080	1.089
1200	1.108	1.131
1400	1.183	1.147
1600	1.174	1.194
1800	1.226	1.234
2000	1.562	1.563
2200	1.652	1.638
2400	1.656	1.653
2600	1.646	1.670
2800	1.671	1.675
3000	1.694	1.672
3200	1.676	1.722
3400	1.721	1.701
3600	1.723	1.714
3800	1.732	1.731
4000	1.747	1.763
4200	3.189	3.187
4400	3.176	3.184
4600	3.261	3.253
4800	3.285	3.253
5000	3.279	3.251
5200	3.306	3.293
5400	3.282	3.297
5600	3.343	3.336
5800	3.329	3.352
6000	3.441	3.332
6200	3.339	3.387
6400	3.452	3.407
6600	3.406	3.549
6800	3.602	3.574
7000	3.643	3.777
7200	3.807	3.767
7400	3.768	3.893
7600	3.913	3.877
7800	3.905	4.030
8000	3.909	3.923
8200	3.981	4.002
8400	3.980	3.952
8600	4.081	3.989
8800	4.090	4.069
8952	4.094	4.066
