#ping_size	no-rewriting	rewriting
200	0.975	0.972
400	0.989	1.016
600	0.993	0.992
800	1.064	1.031
1000	1.111	1.118
1200	1.109	1.125
1400	1.147	1.140
1600	1.173	1.190
1800	1.203	1.209
2000	1.533	1.509
2200	1.617	1.633
2400	1.672	1.660
2600	1.642	1.680
2800	1.670	1.666
3000	1.698	1.702
3200	1.732	1.709
3400	1.724	1.718
3600	1.747	1.747
3800	1.758	1.746
4000	1.771	1.786
4200	3.188	3.182
4400	3.188	3.211
4600	3.249	3.236
4800	3.257	3.220
5000	3.282	3.291
5200	3.295	3.290
5400	3.330	3.291
5600	3.288	3.293
5800	3.331	3.342
6000	3.456	3.331
6200	3.411	3.454
6400	3.392	3.429
6600	3.429	3.370
6800	3.602	3.542
7000	3.713	3.636
7200	3.796	3.825
7400	3.755	3.822
7600	3.897	3.854
7800	3.930	3.928
8000	3.920	3.943
8200	3.940	3.908
8400	4.063	3.937
8600	4.033	4.104
8800	4.131	4.045
8952	4.089	4.135
