#ping_size	no-rewriting	rewriting
200	0.971	0.966
400	0.986	0.999
600	1.025	1.017
800	1.054	1.048
1000	1.083	1.071
1200	1.119	1.116
1400	1.131	1.140
1600	1.185	1.196
1800	1.221	1.207
2000	1.553	1.555
2200	1.614	1.589
2400	1.642	1.645
2600	1.697	1.682
2800	1.670	1.611
3000	1.654	1.678
3200	1.693	1.735
3400	1.747	1.711
3600	1.724	1.722
3800	1.742	1.758
4000	1.765	1.785
4200	3.112	3.164
4400	3.202	3.206
4600	3.252	3.266
4800	3.260	3.227
5000	3.283	3.259
5200	3.284	3.298
5400	3.319	3.308
5600	3.303	3.307
5800	3.331	3.363
6000	3.434	3.343
6200	3.345	3.402
6400	3.349	3.398
6600	3.468	3.427
6800	3.580	3.564
7000	3.726	3.514
7200	3.725	3.781
7400	3.873	3.761
7600	3.836	3.939
7800	3.878	3.852
8000	3.906	3.945
8200	3.986	3.959
8400	4.077	3.958
8600	4.073	4.095
8800	4.005	4.001
8952	4.104	4.095
