#ping_size	no-rewriting	rewriting
200	0.309	0.314
400	0.324	0.335
600	0.353	0.360
800	0.381	0.365
1000	0.396	0.400
1200	0.411	0.419
1400	0.438	0.434
1600	0.458	0.450
1800	0.483	0.484
2000	0.501	0.501
2200	0.511	0.512
2400	0.537	0.528
2600	0.556	0.550
2800	0.575	0.569
3000	0.595	0.593
3200	0.614	0.616
3400	0.637	0.641
3600	0.663	0.668
3800	0.682	0.686
4000	0.706	0.711
4200	0.736	0.736
4400	0.756	0.752
4600	0.775	0.768
4800	0.788	0.796
5000	0.817	0.816
5200	0.846	0.854
5400	0.874	0.873
5600	0.893	0.893
5800	0.911	0.911
6000	0.929	0.921
6200	0.943	0.934
6400	0.956	0.966
6600	0.984	0.983
6800	1.004	1.000
7000	1.018	1.012
7200	1.048	1.025
7400	1.016	1.025
7600	1.049	1.046
7800	1.067	1.069
8000	1.099	1.093
8200	1.122	1.117
8400	1.141	1.156
8600	1.185	1.182
8800	1.223	1.209
8952	1.237	1.233
