#ping_size	no-rewriting	rewriting
200	0.981	0.986
400	1.005	1.016
600	1.020	1.049
800	1.045	1.071
1000	1.146	1.112
1200	1.171	1.148
1400	1.176	1.166
1600	1.201	1.179
1800	1.224	1.234
2000	1.235	1.225
2200	1.235	1.267
2400	1.268	1.265
2600	1.307	1.301
2800	1.338	1.348
3000	1.296	1.302
3200	1.347	1.321
3400	1.370	1.329
3600	1.360	1.391
3800	1.391	1.403
4000	1.405	1.413
4200	1.445	1.447
4400	1.482	1.485
4600	1.550	1.580
4800	1.601	1.556
5000	1.625	1.593
5200	1.628	1.600
5400	1.656	1.664
5600	1.702	1.651
5800	1.710	1.728
6000	1.764	1.771
6200	1.790	1.778
6400	1.769	1.796
6600	1.842	1.842
6800	1.843	1.830
7000	1.876	1.869
7200	1.873	1.880
7400	1.911	1.911
7600	1.929	1.940
7800	1.937	1.955
8000	1.963	1.969
8200	1.980	1.997
8400	2.051	2.031
8600	2.070	2.065
8800	2.075	2.083
8952	2.113	2.095
