#MTU	rewriting	tunneling
1500	928.30000000000000000000	888.00000000000000000000
2000	945.90000000000000000000	914.90000000000000000000
3000	963.90000000000000000000	942.00000000000000000000
4000	973.00000000000000000000	955.90000000000000000000
5000	978.00000000000000000000	964.90000000000000000000
6000	982.00000000000000000000	970.60000000000000000000
7000	984.00000000000000000000	975.00000000000000000000
8000	986.00000000000000000000	978.00000000000000000000
8930	988.00000000000000000000	980.00000000000000000000
