#ping_size	no-rewriting	rewriting
200	0.995	1.003
400	1.030	1.027
600	1.031	1.031
800	1.063	1.069
1000	1.120	1.125
1200	1.123	1.146
1400	1.183	1.161
1600	1.186	1.214
1800	1.234	1.207
2000	1.240	1.223
2200	1.251	1.284
2400	1.283	1.282
2600	1.315	1.304
2800	1.344	1.340
3000	1.345	1.342
3200	1.390	1.367
3400	1.412	1.391
3600	1.386	1.424
3800	1.469	1.428
4000	1.466	1.459
4200	1.506	1.489
4400	1.516	1.528
4600	1.581	1.580
4800	1.584	1.557
5000	1.608	1.608
5200	1.626	1.642
5400	1.697	1.667
5600	1.695	1.671
5800	1.714	1.713
6000	1.735	1.749
6200	1.767	1.765
6400	1.778	1.765
6600	1.761	1.842
6800	1.802	1.827
7000	1.878	1.866
7200	1.894	1.887
7400	1.930	1.909
7600	1.936	1.953
7800	1.960	1.970
8000	1.976	1.967
8200	2.003	2.004
8400	2.052	2.034
8600	2.054	2.047
8800	2.083	2.083
8952	2.109	2.115
