#ping_size	no-rewriting	rewriting
200	1.009	1.004
400	1.007	1.019
600	1.062	1.041
800	1.053	1.088
1000	1.118	1.105
1200	1.152	1.153
1400	1.159	1.171
1600	1.183	1.191
1800	1.195	1.208
2000	1.228	1.225
2200	1.273	1.249
2400	1.307	1.309
2600	1.342	1.303
2800	1.288	1.338
3000	1.351	1.379
3200	1.387	1.385
3400	1.400	1.437
3600	1.410	1.428
3800	1.463	1.462
4000	1.443	1.483
4200	1.489	1.488
4400	1.514	1.498
4600	1.567	1.583
4800	1.606	1.589
5000	1.623	1.639
5200	1.665	1.661
5400	1.681	1.674
5600	1.720	1.692
5800	1.714	1.727
6000	1.756	1.718
6200	1.792	1.775
6400	1.769	1.745
6600	1.854	1.852
6800	1.839	1.866
7000	1.859	1.870
7200	1.901	1.911
7400	1.939	1.928
7600	1.909	1.906
7800	1.951	1.991
8000	1.975	1.996
8200	2.013	2.017
8400	2.016	2.052
8600	2.058	2.070
8800	2.074	2.096
8952	2.118	2.102
