#Delay(us)	rewriting	tunneling
1000	900.00000000000000000000	846.00000000000000000000
2000	947.70000000000000000000	917.00000000000000000000
3000	964.10000000000000000000	943.00000000000000000000
4000	973.00000000000000000000	956.90000000000000000000
5000	978.00000000000000000000	964.90000000000000000000
6000	982.00000000000000000000	970.90000000000000000000
7000	984.40000000000000000000	975.00000000000000000000
8000	986.00000000000000000000	978.00000000000000000000
8870	987.90000000000000000000	980.00000000000000000000
