1 0.611000
2 0.624000
3 0.624000
4 0.629000
5 0.537000
6 0.593000
7 0.626000
8 0.561000
9 0.583000
10 0.539000
11 0.627000
12 0.600000
13 0.609000
14 0.537000
15 0.604000
16 0.566000
17 0.606000
18 0.501000
19 0.600000
20 0.630000
21 0.584000
22 0.600000
23 0.626000
24 0.562000
25 0.606000
26 0.539000
27 0.599000
28 0.542000
29 0.581000
30 0.593000
31 0.619000
32 0.595000
33 0.604000
34 0.624000
35 0.625000
36 0.599000
37 0.586000
38 0.596000
39 0.595000
40 0.561000
41 0.587000
42 0.594000
43 0.594000
44 0.599000
45 0.608000
46 0.630000
47 0.627000
48 0.570000
49 0.539000
50 0.594000
51 0.598000
52 0.631000
53 0.589000
54 0.594000
55 0.629000
56 0.595000
57 0.586000
58 0.602000
59 0.626000
60 0.628000
61 0.605000
62 0.628000
63 0.595000
64 0.597000
65 0.606000
66 0.624000
67 0.600000
68 0.599000
69 0.614000
70 0.603000
71 0.627000
72 0.564000
73 0.585000
74 0.598000
75 0.625000
76 0.629000
77 0.624000
78 0.627000
79 0.625000
80 0.558000
81 0.588000
82 0.609000
83 0.596000
84 0.596000
85 0.589000
86 0.594000
87 0.624000
88 0.564000
89 0.587000
90 0.595000
91 0.602000
92 0.634000
93 0.589000
94 0.604000
95 0.626000
96 0.595000
97 0.581000
98 0.584000
99 0.601000
100 0.629000
101 0.589000
102 0.629000
103 0.594000
104 0.553000
105 0.587000
106 0.606000
107 0.598000
108 0.595000
109 0.586000
110 0.546000
111 0.627000
112 0.568000
113 0.604000
114 0.596000
115 0.597000
116 0.632000
117 0.588000
118 0.607000
119 0.591000
120 0.556000
121 0.586000
122 0.594000
123 0.596000
124 0.631000
125 0.603000
126 0.626000
127 0.631000
128 0.566000
129 0.604000
130 0.605000
131 0.589000
132 0.593000
133 0.539000
134 0.594000
135 0.625000
136 0.587000
137 0.583000
138 0.666000
139 0.599000
140 0.631000
141 0.540000
142 0.600000
143 0.597000
144 0.586000
145 0.603000
146 0.594000
147 0.598000
148 0.629000
149 0.608000
150 0.534000
151 0.592000
152 0.596000
153 0.540000
154 0.601000
155 0.621000
156 0.631000
157 0.585000
158 0.583000
159 0.597000
160 0.552000
161 0.584000
162 0.593000
163 0.599000
164 0.633000
165 0.609000
166 0.627000
167 0.626000
168 0.595000
169 0.604000
170 0.596000
171 0.627000
172 0.632000
173 0.588000
174 0.623000
175 0.626000
176 0.569000
177 0.588000
178 0.624000
179 0.627000
180 0.631000
181 0.609000
182 0.599000
183 0.594000
184 0.556000
185 0.585000
186 0.541000
187 0.590000
188 0.633000
189 0.607000
190 0.627000
191 0.593000
192 0.566000
193 0.585000
194 0.598000
195 0.599000
196 0.631000
197 0.590000
198 0.618000
199 0.625000
200 0.562000
201 0.539000
202 0.552000
203 0.625000
204 0.593000
205 0.634000
206 0.606000
207 0.706000
208 0.567000
209 0.604000
210 0.541000
211 0.622000
212 0.591000
213 0.590000
214 0.628000
215 0.597000
216 0.565000
217 0.589000
218 0.601000
219 0.593000
220 0.591000
221 0.500000
222 0.582000
223 0.631000
224 0.598000
225 0.603000
226 0.540000
227 0.602000
228 0.633000
229 0.607000
230 0.593000
231 0.593000
232 0.592000
233 0.588000
234 0.540000
235 0.627000
236 0.634000
237 0.605000
238 0.564000
239 0.627000
240 0.593000
241 0.587000
242 0.587000
243 0.598000
244 0.631000
245 0.611000
246 0.593000
247 0.590000
248 0.561000
249 0.591000
250 0.610000
251 0.594000
252 0.633000
253 0.590000
254 0.628000
255 0.598000
256 0.543000
257 0.540000
258 0.601000
259 0.595000
260 0.635000
261 0.590000
262 0.605000
263 0.625000
264 0.582000
265 0.587000
266 0.611000
267 0.590000
268 0.632000
269 0.592000
270 0.624000
271 0.595000
272 0.597000
273 0.590000
274 0.605000
275 0.594000
276 0.633000
277 0.592000
278 0.625000
279 0.598000
280 0.565000
281 0.589000
282 0.626000
283 0.595000
284 0.594000
285 0.584000
286 0.630000
287 0.594000
288 0.595000
289 0.585000
290 0.594000
291 0.597000
292 0.631000
293 0.587000
294 0.595000
295 0.589000
296 0.595000
297 0.580000
298 0.605000
299 0.625000
300 0.630000
301 0.607000
302 0.626000
303 0.590000
304 0.595000
305 0.586000
306 0.624000
307 0.597000
308 0.627000
309 0.593000
310 0.605000
311 0.599000
312 0.557000
313 0.584000
314 0.597000
315 0.596000
316 0.633000
317 0.583000
318 0.537000
319 0.542000
320 0.552000
321 0.587000
322 0.551000
323 0.596000
324 0.629000
325 0.611000
326 0.597000
327 0.624000
328 0.596000
329 0.541000
330 0.502000
331 0.581000
332 0.596000
333 0.588000
334 0.500000
335 0.585000
336 0.617000
337 0.539000
338 0.538000
339 0.604000
340 0.633000
341 0.592000
342 0.540000
343 0.627000
344 0.594000
345 0.496000
346 0.547000
347 0.595000
348 0.593000
349 0.610000
350 0.602000
351 0.626000
352 0.586000
353 0.545000
354 0.594000
355 0.624000
356 0.642000
357 0.617000
358 0.629000
359 0.632000
360 0.589000
361 0.586000
362 0.626000
363 0.592000
364 0.636000
365 0.620000
366 0.627000
367 0.596000
368 0.589000
369 0.588000
370 0.610000
371 0.581000
372 0.581000
373 0.540000
374 0.534000
375 0.630000
376 0.596000
377 0.586000
378 0.625000
379 0.627000
380 0.632000
381 0.604000
382 0.586000
383 0.592000
384 0.590000
385 0.587000
386 0.600000
387 0.597000
388 0.635000
389 0.540000
390 0.536000
391 0.627000
392 0.596000
393 0.585000
394 0.540000
395 0.597000
396 0.666000
397 0.591000
398 0.627000
399 0.594000
400 0.591000
401 0.579000
402 0.625000
403 0.628000
404 0.637000
405 0.593000
406 0.602000
407 0.626000
408 0.561000
409 0.589000
410 0.625000
411 0.599000
412 0.635000
413 0.586000
414 0.588000
415 0.590000
416 0.640000
417 0.632000
418 0.668000
419 0.597000
420 0.629000
421 0.585000
422 0.594000
423 0.625000
424 0.586000
425 0.605000
426 0.599000
427 0.593000
428 0.629000
429 0.607000
430 0.635000
431 0.622000
432 0.682000
433 0.602000
434 0.626000
435 0.624000
436 0.626000
437 0.608000
438 0.625000
439 0.623000
440 0.568000
441 0.591000
442 0.606000
443 0.594000
444 0.599000
445 0.621000
446 0.626000
447 0.625000
448 0.595000
449 0.590000
450 0.626000
451 0.593000
452 0.633000
453 0.603000
454 0.602000
455 0.625000
456 0.594000
457 0.583000
458 0.539000
459 0.594000
460 0.627000
461 0.603000
462 0.620000
463 0.627000
464 0.595000
465 0.588000
466 0.624000
467 0.623000
468 0.633000
469 0.591000
470 0.623000
471 0.625000
472 0.592000
473 0.584000
474 0.630000
475 0.593000
476 0.595000
477 0.605000
478 0.633000
479 0.598000
480 0.564000
481 0.539000
482 0.596000
483 0.597000
484 0.625000
485 0.590000
486 0.537000
487 0.627000
488 0.595000
489 0.590000
490 0.607000
491 0.594000
492 0.630000
493 0.587000
494 0.624000
495 0.588000
496 0.596000
497 0.587000
498 0.626000
499 0.587000
500 0.599000
501 0.587000
502 0.622000
503 0.628000
504 0.594000
505 0.591000
506 0.620000
507 0.598000
508 0.587000
509 0.590000
510 0.537000
511 0.624000
512 0.595000
513 0.590000
514 0.569000
515 0.602000
516 0.633000
517 0.587000
518 0.539000
519 0.628000
520 0.566000
521 0.587000
522 0.607000
523 0.625000
524 0.632000
525 0.617000
526 0.561000
527 0.596000
528 0.592000
529 0.608000
530 0.535000
531 0.624000
532 0.640000
533 0.587000
534 0.607000
535 0.625000
536 0.593000
537 0.597000
538 0.622000
539 0.623000
540 0.592000
541 0.616000
542 0.608000
543 0.593000
544 0.558000
545 0.582000
546 0.627000
547 0.600000
548 0.629000
549 0.612000
550 0.606000
551 0.629000
552 0.596000
553 0.589000
554 0.624000
555 0.624000
556 0.628000
557 0.594000
558 0.622000
559 0.624000
560 0.596000
561 0.588000
562 0.611000
563 0.623000
564 0.636000
565 0.611000
566 0.623000
567 0.622000
568 0.594000
569 0.588000
570 0.609000
571 0.591000
572 0.630000
573 0.610000
574 0.608000
575 0.626000
576 0.568000
577 0.601000
578 0.627000
579 0.623000
580 0.635000
581 0.593000
582 0.623000
583 0.627000
584 0.592000
585 0.590000
586 0.621000
587 0.623000
588 0.632000
589 0.616000
590 0.623000
591 0.625000
592 0.592000
593 0.586000
594 0.618000
595 0.621000
596 0.628000
597 0.589000
598 0.629000
599 0.620000
600 0.594000
601 0.591000
602 0.625000
603 0.624000
604 0.640000
605 0.623000
606 0.625000
607 0.623000
608 0.593000
609 0.609000
610 0.605000
611 0.600000
612 0.626000
613 0.612000
614 0.624000
615 0.623000
616 0.592000
617 0.586000
618 0.606000
619 0.625000
620 0.644000
621 0.610000
622 0.605000
623 0.624000
624 0.591000
625 0.589000
626 0.675000
627 0.584000
628 0.591000
629 0.585000
630 0.539000
631 0.622000
632 0.672000
633 0.626000
634 0.659000
635 0.621000
636 0.637000
637 0.608000
638 0.627000
639 0.706000
640 0.625000
641 0.588000
642 0.589000
643 0.623000
644 0.637000
645 0.591000
646 0.601000
647 0.627000
648 0.622000
649 0.586000
650 0.622000
651 0.624000
652 0.637000
653 0.610000
654 0.605000
655 0.623000
656 0.673000
657 0.586000
658 0.608000
659 0.629000
660 0.632000
661 0.609000
662 0.604000
663 0.624000
664 0.622000
665 0.594000
666 0.625000
667 0.597000
668 0.637000
669 0.599000
670 0.604000
671 0.624000
672 0.586000
673 0.593000
674 0.604000
675 0.628000
676 0.636000
677 0.590000
678 0.535000
679 0.623000
680 0.590000
681 0.541000
682 0.542000
683 0.585000
684 0.597000
685 0.624000
686 0.627000
687 0.624000
688 0.594000
689 0.537000
690 0.623000
691 0.593000
692 0.635000
693 0.540000
694 0.604000
695 0.623000
696 0.592000
697 0.588000
698 0.626000
699 0.621000
700 0.589000
701 0.608000
702 0.625000
703 0.622000
704 0.602000
705 0.587000
706 0.604000
707 0.625000
708 0.634000
709 0.592000
710 0.607000
711 0.621000
712 0.565000
713 0.588000
714 0.626000
715 0.625000
716 0.637000
717 0.608000
718 0.605000
719 0.624000
720 0.598000
721 0.589000
722 0.624000
723 0.620000
724 0.589000
725 0.593000
726 0.622000
727 0.623000
728 0.593000
729 0.589000
730 0.623000
731 0.624000
732 0.637000
733 0.591000
734 0.600000
735 0.627000
736 0.594000
737 0.593000
738 0.605000
739 0.590000
740 0.711000
741 0.591000
742 0.604000
743 0.596000
744 0.593000
745 0.534000
746 0.628000
747 0.588000
748 0.628000
749 0.587000
750 0.605000
751 0.624000
752 0.595000
753 0.588000
754 0.609000
755 0.626000
756 0.631000
757 0.590000
758 0.626000
759 0.627000
760 0.587000
761 0.585000
762 0.608000
763 0.627000
764 0.589000
765 0.610000
766 0.623000
767 0.621000
768 0.588000
769 0.589000
770 0.627000
771 0.586000
772 0.587000
773 0.588000
774 0.673000
775 0.669000
776 0.641000
777 0.589000
778 0.602000
779 0.627000
780 0.630000
781 0.588000
782 0.602000
783 0.624000
784 0.586000
785 0.593000
786 0.567000
787 0.626000
788 0.628000
789 0.606000
790 0.607000
791 0.624000
792 0.586000
793 0.591000
794 0.582000
795 0.625000
796 0.627000
797 0.538000
798 0.603000
799 0.624000
800 0.592000
801 0.637000
802 0.608000
803 0.586000
804 0.630000
805 0.598000
806 0.605000
807 0.625000
808 0.589000
809 0.590000
810 0.619000
811 0.630000
812 0.630000
813 0.606000
814 0.607000
815 0.623000
816 0.590000
817 0.588000
818 0.607000
819 0.623000
820 0.636000
821 0.590000
822 0.601000
823 0.624000
824 0.588000
825 0.588000
826 0.540000
827 0.623000
828 0.640000
829 0.589000
830 0.537000
831 0.619000
832 0.669000
833 0.639000
834 0.665000
835 0.628000
836 0.591000
837 0.590000
838 0.605000
839 0.622000
840 0.558000
841 0.594000
842 0.611000
843 0.627000
844 0.640000
845 0.618000
846 0.634000
847 0.625000
848 0.593000
849 0.539000
850 0.611000
851 0.628000
852 0.638000
853 0.591000
854 0.635000
855 0.623000
856 0.596000
857 0.610000
858 0.622000
859 0.626000
860 0.642000
861 0.591000
862 0.635000
863 0.620000
864 0.582000
865 0.623000
866 0.625000
867 0.625000
868 0.625000
869 0.614000
870 0.605000
871 0.620000
872 0.590000
873 0.588000
874 0.626000
875 0.627000
876 0.625000
877 0.591000
878 0.623000
879 0.622000
880 0.591000
881 0.589000
882 0.623000
883 0.624000
884 0.624000
885 0.624000
886 0.624000
887 0.620000
888 0.600000
889 0.591000
890 0.625000
891 0.622000
892 0.642000
893 0.611000
894 0.619000
895 0.623000
896 0.602000
897 0.588000
898 0.626000
899 0.625000
900 0.624000
901 0.610000
902 0.633000
903 0.620000
904 0.596000
905 0.585000
906 0.626000
907 0.625000
908 0.626000
909 0.624000
910 0.607000
911 0.620000
912 0.606000
913 0.583000
914 0.626000
915 0.623000
916 0.592000
917 0.623000
918 0.605000
919 0.620000
920 0.572000
921 0.539000
922 0.624000
923 0.624000
924 0.625000
925 0.627000
926 0.602000
927 0.620000
928 0.601000
929 0.603000
930 0.624000
931 0.586000
932 0.634000
933 0.594000
934 0.624000
935 0.622000
936 0.597000
937 0.589000
938 0.625000
939 0.625000
940 0.637000
941 0.625000
942 0.603000
943 0.619000
944 0.599000
945 0.591000
946 0.623000
947 0.620000
948 0.635000
949 0.608000
950 0.607000
951 0.630000
952 0.584000
953 0.587000
954 0.624000
955 0.624000
956 0.629000
957 0.591000
958 0.631000
959 0.629000
960 0.556000
961 0.586000
962 0.624000
963 0.619000
964 0.587000
965 0.616000
966 0.624000
967 0.623000
968 0.587000
969 0.593000
970 0.625000
971 0.622000
972 0.639000
973 0.588000
974 0.621000
975 0.620000
976 0.598000
977 0.590000
978 0.622000
979 0.624000
980 0.590000
981 0.586000
982 0.598000
983 0.621000
984 0.589000
985 0.588000
986 0.538000
987 0.627000
988 0.628000
989 0.590000
990 0.624000
991 0.624000
992 0.586000
993 0.591000
994 0.623000
995 0.625000
996 0.627000
997 0.592000
998 0.623000
999 0.618000
1000 0.583000
1001 0.610000
1002 0.627000
1003 0.583000
1004 0.610000
1005 0.540000
1006 0.536000
1007 0.580000
1008 0.620000
1009 0.637000
1010 0.541000
1011 0.625000
1012 0.590000
1013 0.503000
1014 0.536000
1015 0.539000
1016 0.585000
1017 0.488000
1018 0.502000
1019 0.585000
1020 0.545000
1021 0.498000
1022 0.494000
1023 0.583000
1024 0.592000
1025 0.584000
1026 0.540000
1027 0.624000
1028 0.625000
1029 0.613000
1030 0.569000
1031 0.618000
1032 0.598000
1033 0.590000
1034 0.625000
1035 0.624000
1036 0.623000
1037 0.619000
1038 0.623000
1039 0.618000
1040 0.581000
1041 0.589000
1042 0.625000
1043 0.623000
1044 0.624000
1045 0.627000
1046 0.625000
1047 0.620000
1048 0.592000
1049 0.591000
1050 0.626000
1051 0.622000
1052 0.625000
1053 0.591000
1054 0.622000
1055 0.623000
1056 0.637000
1057 0.592000
1058 0.540000
1059 0.666000
1060 0.647000
1061 0.494000
1062 0.555000
1063 3.549000
1064 2.552000
1065 1.551000
1066 0.783000
1067 1.205000
1068 0.931000
1069 1.059000
1070 1.042000
1071 1.032000
1072 0.716000
1073 0.825000
1074 0.829000
1075 1.155000
1076 0.886000
1077 1.414000
1078 1.143000
1079 1.105000
1080 1.103000
1081 0.865000
1082 0.845000
1083 0.797000
1084 1.274000
1085 0.795000
1086 1.081000
1087 0.841000
1088 1.045000
1089 1.021000
1090 1.270000
1091 1.000000
1092 0.982000
1093 0.973000
1094 1.195000
1095 0.899000
1096 0.887000
1097 1.088000
1098 1.077000
1099 0.843000
1100 0.809000
1101 1.772000
1102 1.280000
1103 1.015000
1104 1.179000
1105 1.460000
1106 0.965000
1107 1.111000
1108 0.902000
1109 0.640000
1110 0.642000
1111 0.540000
1112 0.490000
1113 0.461000
1114 0.418000
1115 0.588000
1116 0.582000
1117 0.583000
1118 0.540000
1119 0.722000
1120 0.714000
1121 0.638000
1122 0.593000
1123 0.588000
1124 0.585000
1125 0.540000
1126 0.588000
1127 0.585000
1128 0.628000
1129 0.540000
1130 0.582000
1131 0.588000
1132 0.581000
1133 0.541000
1134 0.540000
1135 0.542000
1136 0.538000
1137 0.497000
1138 0.501000
1139 0.539000
1140 0.462000
1141 0.458000
1142 0.544000
1143 0.535000
1144 0.538000
1145 0.537000
1146 0.537000
1147 0.500000
1148 0.537000
1149 0.536000
1150 0.496000
1151 0.537000
1152 0.538000
1153 0.496000
1154 0.537000
1155 0.581000
1156 0.538000
1157 0.494000
1158 0.538000
1159 0.541000
1160 0.623000
1161 0.610000
1162 0.584000
1163 2.548000
1164 1.551000
1165 1.060000
1166 1.762000
1167 1.735000
1168 1.191000
1169 1.453000
1170 1.414000
1171 1.641000
1172 0.872000
1173 0.887000
1174 1.088000
1175 1.282000
1176 1.319000
1177 1.261000
1178 1.272000
1179 1.748000
1180 1.750000
1181 1.702000
1182 1.684000
1183 1.886000
1184 1.378000
1185 1.377000
1186 1.339000
1187 1.812000
1188 1.804000
1189 1.778000
1190 1.504000
1191 1.005000
1192 0.727000
1193 0.415000
1194 0.419000
1195 0.467000
1196 0.582000
1197 0.489000
1198 0.540000
1199 0.545000
1200 0.590000
1201 0.497000
1202 0.542000
1203 0.499000
1204 0.587000
1205 0.506000
1206 0.539000
1207 0.621000
1208 0.588000
1209 0.622000
1210 0.500000
1211 0.586000
1212 0.581000
1213 0.595000
1214 0.540000
1215 0.674000
1216 0.592000
1217 0.626000
1218 0.541000
1219 0.543000
1220 0.676000
1221 0.482000
1222 0.541000
1223 0.589000
1224 0.621000
1225 0.538000
1226 0.629000
1227 0.588000
1228 0.498000
1229 0.500000
1230 0.499000
1231 0.593000
1232 0.542000
1233 0.498000
1234 0.540000
1235 0.619000
1236 0.593000
1237 0.501000
1238 0.543000
1239 0.623000
1240 0.590000
1241 0.498000
1242 0.625000
1243 0.583000
1244 0.622000
1245 0.540000
1246 0.628000
1247 0.588000
1248 0.540000
1249 0.540000
1250 0.624000
1251 0.543000
1252 0.643000
1253 0.500000
1254 0.705000
1255 0.586000
1256 0.542000
1257 0.594000
1258 0.497000
1259 0.589000
1260 0.541000
1261 0.618000
1262 4.304000
1263 3.306000
1264 2.306000
1265 1.308000
1266 2.255000
1267 2.017000
1268 1.994000
1269 1.978000
1270 2.409000
1271 1.929000
1272 1.892000
1273 2.108000
1274 2.352000
1275 2.612000
1276 2.590000
1277 2.537000
1278 1.999000
1279 2.771000
1280 2.737000
1281 2.717000
1282 2.683000
1283 2.681000
1284 2.648000
1285 2.634000
1286 2.615000
1287 3.084000
1288 2.088000
1289 1.085000
1290 1.045000
1291 0.597000
1292 0.454000
1293 0.443000
1294 0.469000
1295 0.603000
1296 0.540000
1297 0.541000
1298 0.500000
1299 0.584000
1300 0.543000
1301 0.590000
1302 0.538000
1303 0.568000
1304 0.541000
1305 0.469000
1306 0.626000
1307 0.540000
1308 0.583000
1309 0.577000
1310 0.543000
1311 0.582000
1312 0.642000
1313 0.498000
1314 0.626000
1315 0.581000
1316 0.538000
1317 0.541000
1318 0.539000
1319 0.676000
1320 0.588000
1321 0.591000
1322 0.542000
1323 0.541000
1324 0.640000
1325 0.497000
1326 0.635000
1327 0.590000
1328 0.639000
1329 0.537000
1330 0.627000
1331 0.542000
1332 0.682000
1333 0.497000
1334 0.496000
1335 0.543000
1336 0.539000
1337 0.591000
1338 0.624000
1339 0.536000
1340 0.498000
1341 0.500000
1342 0.541000
1343 0.589000
1344 0.621000
1345 0.541000
1346 0.627000
1347 0.589000
1348 0.582000
1349 0.590000
1350 0.615000
1351 0.540000
1352 0.584000
1353 0.497000
1354 0.541000
1355 0.580000
1356 0.591000
1357 0.540000
1358 0.635000
1359 0.621000
1360 0.623000
1361 0.591000
1362 0.540000
1363 4.813000
1364 3.818000
1365 3.256000
1366 3.498000
1367 3.496000
1368 2.989000
1369 2.965000
1370 2.944000
1371 2.938000
1372 3.387000
1373 3.367000
1374 3.641000
1375 3.320000
1376 2.320000
1377 1.320000
1378 4.228000
1379 3.987000
1380 4.716000
1381 3.719000
1382 2.720000
1383 1.721000
1384 3.887000
1385 2.890000
1386 1.890000
1387 4.087000
1388 3.090000
1389 2.091000
1390 1.091000
1391 0.537000
1392 0.608000
1393 0.416000
1394 0.500000
1395 0.588000
1396 0.546000
1397 0.540000
1398 0.495000
1399 0.538000
1400 0.677000
1401 0.495000
1402 0.537000
1403 0.590000
1404 0.545000
1405 0.498000
1406 0.540000
1407 0.589000
1408 0.616000
1409 0.539000
1410 0.540000
1411 0.582000
1412 0.539000
1413 0.498000
1414 0.541000
1415 0.541000
1416 0.622000
1417 0.539000
1418 0.626000
1419 0.619000
1420 0.540000
1421 0.592000
1422 0.542000
1423 0.540000
1424 0.589000
1425 0.536000
1426 0.626000
1427 0.538000
1428 0.582000
1429 0.499000
1430 0.579000
1431 0.542000
1432 0.549000
1433 0.497000
1434 0.541000
1435 0.623000
1436 0.760000
1437 0.538000
1438 0.640000
1439 0.620000
1440 0.710000
1441 0.642000
1442 0.662000
1443 0.712000
1444 0.609000
1445 0.722000
1446 0.539000
1447 0.587000
1448 0.641000
1449 0.761000
1450 0.542000
1451 0.582000
1452 0.768000
1453 0.528000
1454 0.647000
1455 0.621000
1456 0.621000
1457 0.627000
1458 0.623000
1459 0.586000
1460 0.617000
1461 0.675000
1462 0.681000
1463 5.991000
1464 4.997000
1465 4.001000
1466 3.995000
1467 4.375000
1468 4.374000
1469 4.884000
1470 4.633000
1471 4.594000
1472 4.543000
1473 4.578000
1474 5.021000
1475 5.229000
1476 4.983000
1477 4.962000
1478 5.167000
1479 5.108000
1480 5.636000
1481 5.090000
1482 5.341000
1483 5.811000
1484 5.042000
1485 5.041000
1486 4.047000
1487 3.046000
1488 2.042000
1489 1.046000
1490 0.756000
1491 0.462000
1492 0.539000
1493 0.468000
1494 0.503000
1495 0.618000
1496 0.579000
1497 0.496000
1498 0.497000
1499 0.501000
1500 0.498000
1501 0.474000
1502 0.466000
1503 0.584000
1504 0.541000
1505 0.541000
1506 0.542000
1507 0.499000
1508 0.500000
1509 0.501000
1510 0.435000
1511 0.503000
1512 0.582000
1513 0.591000
1514 0.538000
1515 0.584000
1516 0.544000
1517 0.501000
1518 0.504000
1519 0.540000
1520 0.581000
1521 0.592000
1522 0.623000
1523 0.498000
1524 0.496000
1525 0.496000
1526 0.538000
1527 0.541000
1528 0.585000
1529 0.501000
1530 0.539000
1531 0.499000
1532 0.541000
1533 0.496000
1534 0.502000
1535 0.538000
1536 0.580000
1537 0.497000
1538 0.498000
1539 0.497000
1540 0.539000
1541 0.496000
1542 0.500000
1543 0.540000
1544 0.538000
1545 0.501000
1546 0.500000
1547 0.540000
1548 0.497000
1549 0.498000
1550 0.502000
1551 0.538000
1552 0.543000
1553 0.496000
1554 0.498000
1555 0.499000
1556 0.495000
1557 0.495000
1558 0.636000
1559 0.618000
1560 0.537000
1561 0.501000
1562 2.288000
1563 7.206000
1564 6.210000
1565 5.209000
1566 5.165000
1567 5.894000
1568 5.877000
1569 5.858000
1570 6.041000
1571 5.293000
1572 6.021000
1573 5.746000
1574 5.988000
1575 6.472000
1576 5.943000
1577 5.943000
1578 5.895000
1579 6.359000
1580 7.081000
1581 6.594000
1582 7.046000
1583 7.288000
1584 6.295000
1585 5.294000
1586 4.309000
1587 3.305000
1588 2.305000
1589 1.304000
1590 1.018000
1591 0.492000
1592 0.486000
1593 0.482000
1594 0.541000
1595 0.715000
1596 0.576000
1597 0.503000
1598 0.634000
1599 0.756000
1600 0.579000
1601 0.591000
1602 0.623000
1603 0.674000
1604 0.484000
1605 0.510000
1606 0.545000
1607 0.581000
1608 0.618000
1609 0.592000
1610 0.537000
1611 0.540000
1612 0.499000
1613 0.493000
1614 0.536000
1615 0.541000
1616 0.538000
1617 0.496000
1618 0.538000
1619 0.496000
1620 0.541000
1621 0.498000
1622 0.544000
1623 0.639000
1624 0.617000
1625 0.514000
1626 0.628000
1627 0.578000
1628 0.536000
1629 0.498000
1630 0.494000
1631 0.538000
1632 0.541000
1633 0.495000
1634 0.495000
1635 0.496000
1636 0.501000
1637 0.501000
1638 0.540000
1639 0.538000
1640 0.539000
1641 0.502000
1642 0.540000
1643 0.579000
1644 0.493000
1645 0.499000
1646 0.492000
1647 0.539000
1648 0.540000
1649 0.495000
1650 0.495000
1651 0.498000
1652 0.538000
1653 0.499000
1654 0.536000
1655 0.540000
1656 0.537000
1657 0.495000
1658 0.497000
1659 0.498000
1660 0.496000
1661 0.502000
1662 0.494000
1663 9.134000
1664 8.135000
1665 7.136000
1666 6.639000
1667 7.363000
1668 6.851000
1669 7.049000
1670 7.279000
1671 6.983000
1672 7.257000
1673 7.002000
1674 7.186000
1675 7.419000
1676 7.622000
1677 7.371000
1678 7.621000
1679 7.863000
1680 7.826000
1681 7.812000
1682 8.021000
1683 7.777000
1684 6.778000
1685 5.777000
1686 4.790000
1687 3.795000
1688 2.800000
1689 1.804000
1690 1.030000
1691 0.780000
1692 0.406000
1693 0.399000
1694 0.410000
1695 0.580000
1696 0.538000
1697 0.510000
1698 0.422000
1699 0.545000
1700 0.550000
1701 0.551000
1702 0.437000
1703 0.521000
1704 0.566000
1705 0.565000
1706 0.448000
1707 0.579000
1708 0.500000
1709 0.465000
1710 0.465000
1711 0.588000
1712 0.514000
1713 0.556000
1714 0.483000
1715 0.527000
1716 0.530000
1717 0.487000
1718 0.492000
1719 0.534000
1720 0.543000
1721 0.506000
1722 0.509000
1723 0.500000
1724 0.500000
1725 0.509000
1726 0.480000
1727 0.626000
1728 0.504000
1729 0.508000
1730 0.484000
1731 0.500000
1732 0.541000
1733 0.506000
1734 0.492000
1735 0.509000
1736 0.516000
1737 0.560000
1738 0.605000
1739 0.568000
1740 0.530000
1741 0.537000
1742 0.579000
1743 0.616000
1744 0.530000
1745 0.494000
1746 0.538000
1747 0.507000
1748 0.543000
1749 0.551000
1750 0.557000
1751 0.559000
1752 0.553000
1753 0.526000
1754 0.525000
1755 0.531000
1756 0.494000
1757 0.570000
1758 0.538000
1759 0.536000
1760 0.624000
1761 0.537000
1762 0.537000
1763 0.543000
1764 9.711000
1765 8.972000
1766 7.975000
1767 8.174000
1768 7.943000
1769 8.393000
1770 8.388000
1771 8.351000
1772 8.355000
1773 8.353000
1774 8.838000
1775 8.549000
1776 8.530000
1777 8.495000
1778 8.487000
1779 8.476000
1780 9.197000
1781 9.159000
1782 9.442000
1783 8.448000
1784 7.450000
1785 6.452000
1786 5.454000
1787 4.451000
1788 3.453000
1789 2.456000
1790 1.456000
1791 0.895000
1792 0.415000
1793 0.412000
1794 0.376000
1795 0.578000
1796 0.539000
1797 0.502000
1798 0.465000
1799 0.507000
1800 0.542000
1801 0.546000
1802 0.469000
1803 0.535000
1804 0.497000
1805 0.500000
1806 0.492000
1807 0.618000
1808 0.577000
1809 0.550000
1810 0.576000
1811 0.538000
1812 0.592000
1813 0.545000
1814 0.546000
1815 0.584000
1816 0.632000
1817 0.514000
1818 0.620000
1819 0.569000
1820 0.498000
1821 0.545000
1822 0.544000
1823 0.541000
1824 0.617000
1825 0.618000
1826 0.496000
1827 0.630000
1828 0.539000
1829 0.618000
1830 0.575000
1831 0.611000
1832 0.539000
1833 0.620000
1834 0.455000
1835 0.501000
1836 0.540000
1837 0.583000
1838 0.579000
1839 0.618000
1840 0.495000
1841 0.547000
1842 0.543000
1843 0.539000
1844 0.498000
1845 0.547000
1846 0.498000
1847 0.510000
1848 0.501000
1849 0.592000
1850 0.621000
1851 0.582000
1852 0.499000
1853 0.503000
1854 0.577000
1855 0.583000
1856 0.546000
1857 0.554000
1858 0.590000
1859 0.541000
1860 0.542000
1861 0.499000
1862 0.543000
1863 0.545000
1864 5.226000
1865 10.625000
1866 9.631000
1867 9.074000
1868 10.042000
1869 9.262000
1870 9.271000
1871 9.236000
1872 9.473000
1873 9.192000
1874 9.216000
1875 9.897000
1876 10.113000
1877 9.906000
1878 9.856000
1879 10.284000
1880 10.265000
1881 9.823000
1882 10.091000
1883 9.088000
1884 8.093000
1885 7.088000
1886 6.091000
1887 5.089000
1888 4.094000
1889 3.097000
1890 2.101000
1891 1.106000
1892 0.746000
1893 0.724000
1894 0.419000
1895 0.544000
1896 0.586000
1897 0.501000
1898 0.500000
1899 0.582000
1900 0.544000
1901 0.544000
1902 0.472000
1903 0.584000
1904 0.547000
1905 0.675000
1906 0.510000
1907 0.667000
1908 0.498000
1909 0.627000
1910 0.455000
1911 0.622000
1912 0.546000
1913 0.593000
1914 0.588000
1915 0.617000
1916 0.501000
1917 0.502000
1918 0.545000
1919 0.546000
1920 0.547000
1921 0.555000
1922 0.589000
1923 0.538000
1924 0.499000
1925 0.543000
1926 0.579000
1927 0.504000
1928 0.550000
1929 0.551000
1930 0.624000
1931 0.537000
1932 0.504000
1933 0.503000
1934 0.545000
1935 0.506000
1936 0.548000
1937 0.511000
1938 0.551000
1939 0.499000
1940 0.499000
1941 0.494000
1942 0.545000
1943 0.545000
1944 0.548000
1945 0.414000
1946 0.512000
1947 0.503000
1948 0.502000
1949 0.503000
1950 0.544000
1951 0.543000
1952 0.547000
1953 0.549000
1954 0.552000
1955 0.571000
1956 0.544000
1957 0.564000
1958 0.545000
1959 0.624000
1960 0.589000
1961 0.557000
1962 0.558000
1963 0.539000
1964 12.087000
1965 11.323000
1966 10.793000
1967 10.293000
1968 10.797000
1969 10.756000
1970 10.753000
1971 10.729000
1972 10.709000
1973 10.929000
1974 10.671000
1975 10.917000
1976 10.636000
1977 10.852000
1978 11.281000
1979 11.543000
1980 11.298000
1981 10.300000
1982 9.300000
1983 8.302000
1984 7.300000
1985 6.303000
1986 5.309000
1987 4.302000
1988 3.307000
1989 2.308000
1990 1.311000
1991 0.752000
1992 0.455000
1993 0.504000
1994 0.415000
1995 0.534000
1996 0.503000
1997 0.490000
1998 0.496000
1999 0.548000
2000 0.551000
2001 0.580000
2002 0.554000
2003 0.544000
2004 0.548000
2005 0.497000
2006 0.501000
2007 0.587000
2008 0.628000
2009 0.627000
2010 0.561000
2011 0.545000
2012 0.545000
2013 0.541000
2014 0.491000
2015 0.541000
2016 0.550000
2017 0.549000
2018 0.550000
2019 0.542000
2020 0.498000
2021 0.500000
2022 0.503000
2023 0.545000
2024 0.549000
2025 0.512000
2026 0.514000
2027 0.539000
2028 0.498000
2029 0.499000
2030 0.500000
2031 0.421000
2032 0.509000
2033 0.626000
2034 0.710000
2035 0.573000
2036 0.668000
2037 0.629000
2038 0.707000
2039 0.625000
2040 0.674000
2041 0.679000
2042 0.634000
2043 0.759000
2044 0.639000
2045 0.764000
2046 0.589000
2047 0.604000
2048 0.659000
2049 0.735000
2050 0.575000
2051 0.619000
2052 0.653000
2053 0.582000
2054 0.605000
2055 0.623000
2056 0.669000
2057 0.616000
2058 0.589000
2059 0.633000
2060 0.598000
2061 0.600000
2062 0.640000
2063 0.517000
2064 10.866000
2065 12.560000
2066 11.566000
2067 11.518000
2068 11.034000
2069 11.484000
2070 11.442000
2071 11.449000
2072 11.670000
2073 12.143000
2074 12.149000
2075 12.099000
2076 12.084000
2077 12.058000
2078 12.297000
2079 12.292000
2080 11.604000
2081 10.609000
2082 9.613000
2083 8.618000
2084 7.622000
2085 6.627000
2086 5.631000
2087 4.635000
2088 3.640000
2089 2.644000
2090 1.650000
2091 0.797000
2092 0.628000
2093 0.402000
2094 0.406000
2095 0.528000
2096 0.455000
2097 0.499000
2098 0.465000
2099 0.466000
2100 0.545000
2101 0.599000
2102 0.493000
2103 0.480000
2104 0.629000
2105 0.608000
2106 0.490000
2107 0.491000
2108 0.580000
2109 0.619000
2110 0.522000
2111 0.507000
2112 0.514000
2113 0.530000
2114 0.524000
2115 0.521000
2116 0.529000
2117 0.545000
2118 0.528000
2119 0.606000
2120 0.610000
2121 0.550000
2122 0.497000
2123 0.538000
2124 0.541000
2125 0.498000
2126 0.513000
2127 0.501000
2128 0.541000
2129 0.497000
2130 0.499000
2131 0.541000
2132 0.540000
2133 0.500000
2134 0.484000
2135 0.499000
2136 0.541000
2137 0.499000
2138 0.498000
2139 0.540000
2140 0.618000
2141 0.472000
2142 0.495000
2143 0.535000
2144 0.540000
2145 0.557000
2146 0.492000
2147 0.496000
2148 0.540000
2149 0.553000
2150 0.539000
2151 0.546000
2152 0.615000
2153 0.499000
2154 0.507000
2155 0.543000
2156 0.539000
2157 0.495000
2158 0.541000
2159 0.542000
2160 0.539000
2161 0.499000
2162 0.500000
2163 0.541000
2164 14.428000
2165 13.432000
2166 12.433000
2167 12.190000
2168 12.628000
2169 12.853000
2170 12.580000
2171 12.543000
2172 12.789000
2173 12.749000
2174 12.744000
2175 12.720000
2176 12.668000
2177 12.876000
2178 12.667000
2179 12.456000
2180 11.457000
2181 10.460000
2182 9.465000
2183 8.459000
2184 7.461000
2185 6.463000
2186 5.462000
2187 4.462000
2188 3.463000
2189 2.466000
2190 1.472000
2191 0.623000
2192 0.501000
2193 0.493000
2194 0.386000
2195 0.491000
2196 0.542000
2197 0.494000
2198 0.422000
2199 0.543000
2200 0.542000
2201 0.498000
2202 0.496000
2203 0.503000
2204 0.540000
2205 0.499000
2206 0.545000
2207 0.498000
2208 0.664000
2209 0.553000
2210 0.500000
2211 0.615000
2212 0.541000
2213 0.567000
2214 0.497000
2215 0.568000
2216 0.540000
2217 0.568000
2218 0.544000
2219 0.505000
2220 0.542000
2221 0.553000
2222 0.500000
2223 0.501000
2224 0.616000
2225 0.504000
2226 0.490000
2227 0.544000
2228 0.541000
2229 0.596000
2230 0.510000
2231 0.667000
2232 0.542000
2233 0.556000
2234 0.501000
2235 0.500000
2236 0.544000
2237 0.558000
2238 0.514000
2239 0.540000
2240 0.542000
2241 0.500000
2242 0.506000
2243 0.499000
2244 0.542000
2245 0.500000
2246 0.624000
2247 0.544000
2248 0.687000
2249 0.567000
2250 0.620000
2251 0.503000
2252 0.540000
2253 0.553000
2254 0.543000
2255 0.542000
2256 0.614000
2257 0.501000
2258 0.503000
2259 0.541000
2260 0.543000
2261 0.504000
2262 0.511000
2263 0.545000
2264 4.875000
2265 14.250000
2266 13.252000
2267 13.411000
2268 13.367000
2269 13.624000
2270 13.127000
2271 13.331000
2272 13.744000
2273 13.747000
2274 13.743000
2275 13.729000
2276 14.235000
2277 13.691000
2278 13.730000
2279 12.735000
2280 11.734000
2281 10.735000
2282 9.736000
2283 8.736000
2284 7.736000
2285 6.737000
2286 5.739000
2287 4.743000
2288 3.742000
2289 2.741000
2290 1.743000
2291 0.744000
2292 0.627000
2293 0.373000
2294 0.419000
2295 0.492000
2296 0.617000
2297 0.545000
2298 0.435000
2299 0.541000
2300 0.541000
2301 0.543000
2302 0.488000
2303 0.493000
2304 0.616000
2305 0.567000
2306 0.503000
2307 0.499000
2308 0.504000
2309 0.496000
2310 0.507000
2311 0.498000
2312 0.549000
2313 0.498000
2314 0.503000
2315 0.542000
2316 0.499000
2317 0.499000
2318 0.502000
2319 0.504000
2320 0.541000
2321 0.504000
2322 0.503000
2323 0.541000
2324 0.542000
2325 0.564000
2326 0.501000
2327 0.501000
2328 0.542000
2329 0.503000
2330 0.499000
2331 0.542000
2332 0.484000
2333 0.502000
2334 0.500000
2335 0.542000
2336 0.542000
2337 0.565000
2338 0.543000
2339 0.542000
2340 0.612000
2341 0.563000
2342 0.512000
2343 0.504000
2344 0.547000
2345 0.503000
2346 0.503000
2347 0.506000
2348 0.543000
2349 0.504000
2350 0.501000
2351 0.543000
2352 0.503000
2353 0.543000
2354 0.497000
2355 0.545000
2356 0.501000
2357 0.499000
2358 0.503000
2359 0.542000
2360 0.543000
2361 0.564000
2362 0.543000
2363 0.550000
2364 15.816000
2365 14.819000
2366 14.230000
2367 14.005000
2368 13.989000
2369 14.212000
2370 14.453000
2371 14.408000
2372 14.413000
2373 14.870000
2374 14.620000
2375 14.076000
2376 14.801000
2377 14.588000
2378 13.590000
2379 12.591000
2380 11.596000
2381 10.600000
2382 9.611000
2383 8.615000
2384 7.618000
2385 6.623000
2386 5.628000
2387 4.633000
2388 3.634000
2389 2.638000
2390 1.649000
2391 0.808000
2392 0.432000
2393 0.421000
2394 0.444000
2395 0.447000
2396 0.493000
2397 0.454000
2398 0.504000
2399 0.466000
2400 0.512000
2401 0.517000
2402 0.516000
2403 0.524000
2404 0.528000
2405 0.605000
2406 0.540000
2407 0.612000
2408 0.544000
2409 0.543000
2410 0.554000
2411 0.542000
2412 0.542000
2413 0.543000
2414 0.508000
2415 0.544000
2416 0.618000
2417 0.542000
2418 0.549000
2419 0.499000
2420 0.498000
2421 0.499000
2422 0.556000
2423 0.495000
2424 0.544000
2425 0.541000
2426 0.551000
2427 0.501000
2428 0.500000
2429 0.501000
2430 0.511000
2431 0.500000
2432 0.543000
2433 0.540000
2434 0.551000
2435 0.545000
2436 0.545000
2437 0.612000
2438 0.512000
2439 0.501000
2440 0.545000
2441 0.629000
2442 0.517000
2443 0.545000
2444 0.500000
2445 0.492000
2446 0.554000
2447 0.488000
2448 0.500000
2449 0.563000
2450 0.495000
2451 0.501000
2452 0.540000
2453 0.538000
2454 0.551000
2455 0.540000
2456 0.541000
2457 0.677000
2458 0.508000
2459 0.499000
2460 0.536000
2461 0.545000
2462 0.554000
2463 0.624000
2464 3.269000
2465 16.268999
2466 15.277000
2467 15.238000
2468 14.743000
2469 14.740000
2470 15.198000
2471 15.408000
2472 15.409000
2473 15.613000
2474 14.872000
2475 15.087000
2476 15.584000
2477 15.131000
2478 14.142000
2479 13.134000
2480 12.134000
2481 11.136000
2482 10.144000
2483 9.137000
2484 8.139000
2485 7.141000
2486 6.150000
2487 5.144000
2488 4.143000
2489 3.148000
2490 2.154000
2491 1.144000
2492 0.746000
2493 0.419000
2494 0.427000
2495 0.488000
2496 0.499000
2497 0.542000
2498 0.549000
2499 0.499000
2500 0.496000
2501 0.500000
2502 0.501000
2503 0.488000
2504 0.544000
2505 0.544000
2506 0.552000
2507 0.495000
2508 0.498000
2509 0.499000
2510 0.494000
2511 0.486000
2512 0.452000
2513 0.542000
2514 0.546000
2515 0.496000
2516 0.495000
2517 0.493000
2518 0.505000
2519 0.497000
2520 0.560000
2521 0.542000
2522 0.506000
2523 0.495000
2524 0.500000
2525 0.542000
2526 0.552000
2527 0.499000
2528 0.543000
2529 0.543000
2530 0.574000
2531 0.501000
2532 0.540000
2533 0.539000
2534 0.573000
2535 0.546000
2536 0.544000
2537 0.613000
2538 0.614000
2539 0.608000
2540 0.543000
2541 0.542000
2542 0.552000
2543 0.544000
2544 0.546000
2545 0.546000
2546 0.551000
2547 0.611000
2548 0.546000
2549 0.505000
2550 0.511000
2551 0.545000
2552 0.564000
2553 0.543000
2554 0.553000
2555 0.499000
2556 0.499000
2557 0.500000
2558 0.512000
2559 0.487000
2560 0.542000
2561 0.578000
2562 0.569000
2563 0.496000
2564 15.147000
2565 16.599001
2566 15.613000
2567 15.068000
2568 15.542000
2569 15.544000
2570 15.510000
2571 16.003000
2572 15.477000
2573 16.122000
2574 16.139000
2575 16.150999
2576 15.715000
2577 14.718000
2578 13.726000
2579 12.717000
2580 11.719000
2581 10.721000
2582 9.732000
2583 8.726000
2584 7.724000
2585 6.723000
2586 5.731000
2587 4.728000
2588 3.729000
2589 2.727000
2590 1.738000
2591 0.728000
2592 0.603000
2593 0.421000
2594 0.491000
2595 0.487000
2596 0.488000
2597 0.501000
2598 0.554000
2599 0.548000
2600 0.573000
2601 0.547000
2602 0.555000
2603 0.503000
2604 0.546000
2605 0.547000
2606 0.558000
2607 0.546000
2608 0.546000
2609 0.545000
2610 0.572000
2611 0.610000
2612 0.615000
2613 0.627000
2614 0.510000
2615 0.500000
2616 0.544000
2617 0.545000
2618 0.553000
2619 0.609000
2620 0.545000
2621 0.544000
2622 0.511000
2623 0.546000
2624 0.540000
2625 0.606000
2626 0.540000
2627 0.509000
2628 0.497000
2629 0.513000
2630 0.562000
2631 0.500000
2632 0.541000
2633 0.578000
2634 0.498000
2635 0.498000
2636 0.498000
2637 0.551000
2638 0.438000
2639 0.436000
2640 0.508000
2641 0.563000
2642 0.620000
2643 0.514000
2644 0.561000
2645 0.558000
2646 0.516000
2647 0.499000
2648 0.515000
2649 0.512000
2650 0.576000
2651 0.512000
2652 0.558000
2653 0.509000
2654 0.521000
2655 0.469000
2656 0.482000
2657 0.480000
2658 0.476000
2659 0.484000
2660 0.480000
2661 0.492000
2662 0.538000
2663 0.478000
2664 7.350000
2665 17.407000
2666 16.406000
2667 16.844999
2668 16.054001
2669 16.056000
2670 16.521000
2671 16.528000
2672 16.750000
2673 16.462999
2674 16.677999
2675 16.983999
2676 15.986000
2677 14.993000
2678 13.992000
2679 12.991000
2680 11.992000
2681 10.992000
2682 9.997000
2683 8.994000
2684 8.008000
2685 7.020000
2686 6.032000
2687 5.044000
2688 4.057000
2689 3.071000
2690 2.085000
2691 1.101000
2692 0.628000
2693 0.516000
2694 0.578000
2695 0.473000
2696 0.435000
2697 0.433000
2698 0.436000
2699 0.458000
2700 0.516000
2701 0.457000
2702 0.452000
2703 0.479000
2704 0.536000
2705 0.466000
2706 0.448000
2707 0.479000
2708 0.540000
2709 0.514000
2710 0.495000
2711 0.479000
2712 0.619000
2713 0.513000
2714 0.524000
2715 0.445000
2716 0.565000
2717 0.447000
2718 0.591000
2719 0.452000
2720 0.614000
2721 0.523000
2722 0.523000
2723 0.469000
2724 0.483000
2725 0.528000
2726 0.460000
2727 0.494000
2728 0.506000
2729 0.581000
2730 0.465000
2731 0.416000
2732 0.560000
2733 0.483000
2734 0.449000
2735 0.448000
2736 0.471000
2737 0.557000
2738 0.478000
2739 0.495000
2740 0.556000
2741 0.573000
2742 0.522000
2743 0.521000
2744 0.563000
2745 0.494000
2746 0.496000
2747 0.534000
2748 0.538000
2749 0.472000
2750 0.481000
2751 0.492000
2752 0.504000
2753 0.566000
2754 0.482000
2755 0.497000
2756 0.505000
2757 0.444000
2758 0.497000
2759 0.516000
2760 0.520000
2761 0.416000
2762 0.409000
2763 0.558000
2764 0.447000
2765 2.091000
2766 1.104000
2767 0.561000
2768 0.448000
2769 3.046000
2770 3.241000
2771 2.254000
2772 1.223000
2773 0.714000
2774 0.447000
2775 0.420000

2777 75.107002
2778 74.107002
2779 73.105003
2780 72.110001
2781 71.105003
2782 70.112000
2783 69.111000
2784 68.110001
2785 67.107002
2786 66.114998
2787 65.113998
2788 64.111000
2789 63.117001
2790 62.115002
2791 61.113998
2792 60.119999
2793 59.118999
2794 58.118999
2795 57.118000
2796 56.125000
2797 55.122002
2798 54.119999
2799 53.125000
2800 52.137001
2801 51.151001
2802 50.167999
2803 49.174000
2804 48.180000
2805 47.186001
2806 46.181000
2807 45.194000
2808 44.209000
2809 43.224998
2810 42.230999
2811 41.244999
2812 40.258999
2813 39.271000
2814 38.278999
2815 37.293999
2816 36.301998
























2841 11.815000
2842 10.831000
2843 9.845000
2844 8.858000
2845 7.873000
2846 6.886000
2847 5.901000
2848 4.915000
2849 3.913000
2850 2.925000
2851 1.942000
2852 1.121000
2853 1.065000
2854 1.048000
2855 0.917000
2856 1.151000
2857 1.123000
2858 1.045000
2859 0.900000
2860 0.996000
2861 1.051000
2862 0.938000
2863 1.011000
2864 1.111000
2865 1.070000
2866 0.850000
2867 0.907000
2868 0.999000
2869 0.934000
2870 0.925000
2871 0.774000
2872 0.822000
2873 0.891000
2874 0.898000
2875 0.810000
2876 0.942000
2877 0.892000
2878 0.923000
2879 0.738000
2880 0.875000
2881 0.854000
2882 0.865000
2883 0.776000
2884 0.822000
2885 0.986000
2886 0.932000
2887 0.807000
2888 0.843000
2889 0.975000
2890 0.935000
2891 0.850000
2892 0.950000
2893 0.875000
2894 0.886000
2895 0.827000
2896 0.895000
2897 0.843000
2898 0.814000
2899 0.837000
2900 0.905000
2901 0.915000
2902 0.809000
2903 0.892000
2904 0.915000
2905 0.890000
2906 0.805000
2907 0.788000
2908 0.877000
2909 0.771000
2910 0.921000
2911 0.740000
2912 0.795000
2913 0.870000
2914 0.880000
2915 0.863000
2916 0.790000
2917 0.894000
2918 0.865000
2919 0.845000
2920 0.852000
2921 0.910000
2922 0.989000
2923 0.924000
2924 0.782000
2925 0.824000
2926 0.912000
2927 0.884000
2928 0.816000
2929 0.861000
2930 0.937000
2931 0.905000
2932 0.817000
2933 0.972000
2934 0.883000
2935 0.907000
2936 0.834000
2937 0.876000
2938 1.005000
2939 0.891000
2940 0.872000
2941 0.920000
2942 0.904000
2943 0.905000
2944 0.877000
2945 0.914000
2946 0.984000
2947 0.888000
2948 0.911000
2949 0.942000
2950 0.973000
2951 0.918000
2952 0.872000
2953 0.906000
2954 0.991000
2955 0.908000
2956 0.816000
2957 0.938000
2958 0.961000
2959 1.019000
2960 0.872000
2961 0.979000
2962 1.006000
2963 0.976000
2964 0.921000
2965 0.942000
2966 0.951000
2967 0.934000
2968 0.826000
2969 0.884000
2970 0.984000
2971 0.976000
2972 0.848000
2973 0.857000
2974 0.889000
2975 0.877000
2976 0.852000
2977 0.891000
2978 0.899000
2979 0.876000
2980 0.783000
2981 0.895000
2982 0.889000
2983 0.956000
2984 0.774000
2985 0.798000
2986 0.872000
2987 0.901000
2988 0.825000
2989 0.797000
2990 0.898000
2991 0.895000
2992 0.883000
2993 0.849000
2994 0.785000
2995 0.846000
2996 0.837000
2997 0.836000
2998 0.935000
2999 0.871000
3000 0.943000
3001 0.839000
3002 0.944000
3003 1.021000
3004 0.898000
3005 0.838000
3006 0.862000
3007 0.812000
3008 0.909000
3009 0.799000
3010 0.911000
3011 0.832000
3012 0.835000
3013 0.849000
3014 0.972000
3015 0.993000
3016 0.815000
3017 0.836000
3018 0.880000
3019 0.882000
3020 0.848000
3021 0.833000
3022 0.876000
3023 0.963000
3024 0.935000
3025 0.797000
3026 0.802000
3027 0.948000
3028 0.872000
3029 0.894000
3030 0.875000
3031 0.929000
3032 0.803000
3033 0.816000
3034 0.853000
3035 0.976000
3036 0.941000
3037 0.893000
3038 0.878000
3039 1.008000
3040 0.907000
3041 0.824000
3042 0.777000
3043 0.901000
3044 0.984000
3045 0.777000
3046 0.932000
3047 0.938000
3048 0.825000
3049 0.758000
3050 0.809000
3051 0.842000
3052 0.846000
3053 0.833000
3054 0.857000
3055 0.916000
3056 0.993000
3057 0.845000
3058 0.795000
3059 0.873000
3060 0.891000
3061 0.876000
3062 0.845000
3063 0.797000
3064 0.876000
3065 0.895000
3066 0.775000
3067 0.857000
3068 0.933000
3069 0.890000
3070 0.753000
3071 0.940000
3072 0.974000
3073 0.863000
3074 0.754000
3075 0.931000
3076 0.821000
3077 0.946000
3078 0.798000
3079 0.886000
3080 0.839000
3081 0.881000
3082 0.782000
3083 0.808000
3084 0.909000
3085 0.828000
3086 0.810000
3087 0.890000
3088 0.944000
3089 0.852000
3090 0.795000
3091 0.890000
3092 0.949000
3093 1.012000
3094 0.854000
3095 0.859000
3096 0.899000
3097 0.797000
3098 0.829000
3099 0.850000
3100 0.926000
3101 0.931000
3102 0.852000
3103 0.933000
3104 0.968000
3105 0.909000
3106 0.850000
3107 0.903000
3108 0.963000
3109 0.864000
3110 0.834000
3111 0.982000
3112 0.889000
3113 0.873000
3114 0.947000
3115 0.871000
3116 0.888000
3117 0.897000
3118 0.821000
3119 0.855000
3120 0.998000
3121 0.955000
3122 0.849000
3123 0.884000
3124 0.960000
3125 0.973000
3126 0.914000
3127 0.785000
3128 0.830000
3129 0.851000
3130 0.861000
3131 0.807000
3132 0.911000
3133 0.900000
3134 0.779000
3135 0.830000
3136 0.902000
3137 0.816000
3138 0.806000
3139 0.769000
3140 0.895000
3141 0.922000
3142 0.863000
3143 0.891000
3144 0.895000
3145 0.841000
3146 0.875000
3147 0.856000
3148 0.834000
3149 0.912000
3150 0.932000
3151 0.833000
3152 0.986000
3153 0.972000
3154 0.875000
3155 0.766000
3156 0.969000
3157 0.947000
3158 0.933000
3159 0.766000
3160 0.949000
3161 0.970000
3162 0.944000
3163 0.711000
3164 0.844000
3165 0.988000
3166 0.972000
3167 0.917000
3168 0.842000
3169 0.920000
3170 0.873000
3171 0.753000
3172 0.877000
3173 0.898000
3174 0.886000
3175 0.789000
3176 0.842000
3177 0.954000
3178 0.785000
3179 0.769000
3180 0.914000
3181 0.880000
3182 0.906000
3183 0.857000
3184 0.859000
3185 0.905000
3186 0.748000
3187 0.760000
3188 0.838000
3189 0.798000
3190 0.970000
3191 0.921000
3192 0.772000
3193 0.834000
3194 0.849000
3195 0.818000
3196 0.658000
3197 0.825000
3198 0.915000
3199 0.893000
3200 0.867000
3201 0.893000
3202 0.822000
3203 0.805000
3204 0.806000
3205 0.871000
3206 0.865000
3207 0.780000
3208 0.765000
3209 0.934000
3210 0.900000
3211 0.815000
3212 0.784000
3213 0.857000
3214 0.887000
3215 0.844000
3216 0.845000
3217 0.861000
3218 0.844000
3219 0.759000
3220 0.830000
3221 0.911000
3222 0.908000
3223 0.778000
3224 0.838000
3225 0.816000
3226 0.867000
3227 0.819000
3228 0.797000
3229 0.789000
3230 0.937000
3231 0.954000
3232 0.761000
3233 0.831000
3234 1.021000
3235 0.850000
3236 0.920000
3237 0.919000
3238 1.044000
3239 0.873000
3240 0.840000
3241 0.997000
3242 1.051000
3243 0.982000
3244 0.891000
3245 0.938000
3246 0.872000
3247 0.978000
3248 0.980000
3249 0.937000
3250 0.834000
3251 0.869000
3252 0.793000
3253 0.857000
3254 0.832000
3255 0.785000
3256 0.798000
3257 0.818000
3258 0.847000
3259 0.838000
3260 0.775000
3261 0.741000
3262 0.950000
3263 0.890000
3264 0.891000
3265 0.708000
3266 0.807000
3267 0.901000
3268 0.881000
3269 0.764000
3270 0.887000
3271 0.900000
3272 0.873000
3273 0.906000
3274 0.930000
3275 0.901000
3276 0.873000
3277 0.853000
3278 0.993000
3279 0.879000
3280 0.846000
3281 0.839000
3282 0.881000
3283 0.907000
3284 0.888000
3285 0.881000
3286 0.882000
3287 1.021000
3288 0.826000
3289 0.889000
3290 0.925000
3291 0.913000
3292 0.927000
3293 0.908000
3294 0.976000
3295 0.996000
3296 0.924000
3297 0.837000
3298 0.843000
3299 0.901000
3300 0.891000
3301 0.796000
3302 0.756000
3303 0.975000
3304 0.776000
3305 0.823000
3306 0.849000
3307 0.794000
3308 0.740000
3309 0.735000
3310 0.936000
3311 0.886000
3312 0.962000
3313 0.787000
3314 0.842000
3315 0.855000
3316 0.917000
3317 0.872000
3318 0.872000
3319 0.809000
3320 0.900000
3321 0.800000
3322 0.767000
3323 0.827000
3324 0.844000
3325 0.857000
3326 0.793000
3327 0.919000
3328 1.006000
3329 0.731000
3330 0.748000
3331 0.866000
3332 0.869000
3333 0.870000
3334 0.743000
3335 0.875000
3336 0.936000
3337 0.860000
3338 0.844000
3339 0.891000
3340 0.898000
3341 0.800000
3342 0.764000
3343 0.923000
3344 0.871000
3345 0.860000
3346 0.795000
3347 0.851000
3348 0.908000
3349 0.786000
3350 0.799000
3351 0.844000
3352 0.836000
3353 0.869000
3354 0.766000
3355 0.863000
3356 0.832000
3357 0.849000
3358 0.706000
3359 0.770000
3360 0.873000
3361 0.834000
3362 0.791000
3363 0.855000
3364 0.829000
3365 0.847000
3366 0.715000
3367 0.943000
3368 0.967000
3369 0.817000
3370 0.883000
3371 0.830000
3372 0.767000
3373 0.765000
3374 0.826000
3375 0.832000
3376 0.844000
3377 0.902000
3378 0.703000
3379 0.857000
3380 0.974000
3381 0.859000
3382 0.759000
3383 0.846000
3384 0.824000
3385 0.844000
3386 0.808000
3387 0.784000
3388 0.784000
3389 0.781000
3390 0.833000
3391 0.840000
3392 0.950000
3393 0.842000
3394 0.818000
3395 0.833000
3396 0.920000
3397 0.943000
3398 0.886000
3399 0.742000
3400 0.901000
3401 0.852000
3402 0.900000
3403 0.812000
3404 0.870000
3405 0.889000
3406 0.810000
3407 0.797000
3408 0.933000
3409 0.902000
3410 0.793000
3411 0.829000
3412 0.966000
3413 0.912000
3414 0.806000
3415 0.786000
3416 0.928000
3417 0.916000
3418 0.846000
3419 0.769000
3420 0.943000
3421 0.798000
3422 0.875000
3423 0.808000
3424 0.935000
3425 0.833000
3426 0.846000
3427 0.864000
3428 0.802000
3429 0.965000
3430 0.910000
3431 0.819000
3432 0.858000
3433 0.929000
3434 0.839000
3435 0.882000
3436 0.819000
3437 0.830000
3438 0.854000
3439 0.847000
3440 0.864000
3441 0.898000
3442 0.911000
3443 0.856000
3444 0.845000
3445 0.862000
3446 0.907000
3447 0.817000
3448 0.852000
3449 0.873000
3450 0.892000
3451 0.883000
3452 0.747000
3453 0.789000
3454 0.805000
3455 0.787000
3456 0.848000
3457 0.839000
3458 0.847000
3459 0.901000
3460 0.893000
3461 0.899000
3462 0.983000
3463 0.784000
3464 0.898000
3465 0.835000
3466 0.915000
3467 0.954000
3468 0.871000
3469 0.920000
3470 1.003000
3471 0.990000
3472 0.836000
3473 0.860000
3474 0.962000
3475 0.867000
3476 0.792000
3477 0.996000
3478 0.955000
3479 0.794000
3480 0.774000
3481 0.881000
3482 0.927000
3483 0.860000
3484 0.768000
3485 0.873000
3486 0.880000
3487 0.895000
3488 0.809000
3489 0.902000
3490 0.919000
3491 0.691000
3492 0.788000
3493 0.776000
3494 0.841000
3495 0.862000
3496 0.847000
3497 0.899000
3498 0.916000
3499 0.847000
3500 0.788000
3501 0.933000
3502 0.953000
3503 0.842000
3504 0.890000
3505 0.896000
3506 0.849000
3507 0.889000
3508 0.890000
3509 0.877000
3510 0.866000
3511 0.857000
3512 0.896000
3513 0.845000
3514 0.854000
3515 0.847000
3516 0.803000
3517 0.833000
3518 0.884000
3519 0.908000
3520 0.877000
3521 0.777000
3522 0.851000
3523 0.915000
3524 0.962000
3525 0.855000
3526 0.866000
3527 0.878000
3528 0.853000
3529 0.758000
3530 0.960000
3531 0.955000
3532 0.770000
3533 0.769000
3534 0.849000
3535 0.881000
3536 0.824000
3537 0.830000
3538 0.908000
3539 0.927000
3540 0.887000
3541 0.750000
3542 0.807000
3543 0.918000
3544 0.778000
3545 0.911000
3546 0.963000
3547 0.949000
3548 0.918000
3549 0.829000
3550 0.870000
3551 1.023000
3552 0.799000
3553 0.785000
3554 0.842000
3555 0.858000
3556 0.887000
3557 0.787000
3558 0.992000
3559 0.868000
3560 0.848000
3561 0.788000
3562 0.883000
3563 0.897000
3564 0.817000
3565 0.825000
3566 0.913000
3567 0.855000
3568 0.865000
3569 0.829000
3570 0.888000
3571 0.889000
3572 0.904000
3573 0.865000
3574 0.895000
3575 0.900000
3576 0.871000
3577 0.851000
3578 0.873000
3579 0.879000
3580 0.853000
3581 0.852000
3582 0.807000
3583 0.833000
3584 0.820000
3585 0.833000
3586 0.763000
3587 0.828000
3588 0.904000
3589 0.852000
3590 0.785000
3591 0.883000
3592 0.897000
3593 0.964000
3594 0.814000
3595 0.878000
3596 0.902000
3597 0.918000
3598 0.785000
3599 0.862000
3600 0.846000
3601 0.946000
3602 0.833000
3603 0.903000
3604 0.903000
3605 0.936000
3606 0.853000
3607 0.955000
3608 0.872000
3609 0.866000
3610 0.876000
3611 0.913000
3612 0.931000
3613 0.899000
3614 0.815000
3615 0.952000
3616 0.971000
3617 0.742000
3618 0.706000
3619 0.924000
3620 0.878000
3621 0.932000
3622 0.830000
3623 0.962000
3624 0.940000
3625 0.935000
3626 0.832000
3627 0.909000
3628 0.884000
3629 0.829000
3630 0.863000
3631 0.931000
3632 1.007000
3633 0.972000
3634 0.829000
3635 0.921000
3636 0.939000
3637 0.985000
3638 0.899000
3639 0.944000
3640 0.927000
3641 0.852000
3642 0.767000
3643 0.798000
3644 0.946000
3645 0.928000
3646 0.945000
3647 0.867000
3648 0.915000
3649 0.877000
3650 0.861000
3651 0.828000
3652 0.911000
3653 0.977000
3654 0.929000
3655 0.843000
3656 0.916000
3657 0.930000
3658 0.881000
3659 0.745000
3660 1.002000
3661 0.973000
3662 0.901000
3663 0.897000
3664 0.965000
3665 0.937000
3666 0.900000
3667 0.881000
3668 0.844000
3669 0.929000
3670 0.958000
3671 0.867000
3672 0.958000
3673 0.911000
3674 0.894000
3675 0.863000
3676 0.894000
3677 0.982000
3678 0.885000
3679 0.900000
3680 0.967000
3681 0.968000
3682 0.848000
3683 0.843000
3684 0.924000
3685 0.977000
3686 0.915000
3687 0.854000
3688 0.969000
3689 0.996000
3690 0.860000
3691 0.790000
3692 0.983000
3693 1.036000
3694 0.848000
3695 0.852000
3696 1.044000
3697 0.978000
3698 0.875000
3699 0.860000
3700 1.017000
3701 1.031000
3702 0.893000
3703 0.930000
3704 0.925000
3705 0.939000
3706 0.970000
3707 0.870000
3708 0.902000
3709 0.932000
3710 0.910000
3711 0.880000
3712 0.899000
3713 0.915000
3714 0.817000
3715 0.928000
3716 0.860000
3717 0.897000
3718 0.885000
3719 0.980000
3720 0.854000
3721 0.959000
3722 0.910000
3723 0.915000
3724 0.944000
3725 0.868000
3726 0.915000
3727 0.907000
3728 0.860000
3729 0.936000
3730 0.966000
3731 0.877000
3732 0.890000
3733 0.986000
3734 0.956000
3735 0.908000
3736 0.886000
3737 1.016000
3738 0.991000
3739 1.020000
3740 0.814000
3741 0.913000
3742 0.900000
3743 0.901000
3744 0.920000
3745 0.951000
3746 0.889000
3747 0.841000
3748 0.825000
3749 0.935000
3750 0.997000
3751 0.870000
3752 0.885000
3753 0.923000
3754 0.948000
3755 0.862000
3756 0.803000
3757 0.904000
3758 0.939000
3759 1.016000
3760 0.934000
3761 0.929000
3762 0.880000
3763 0.776000
3764 0.969000
3765 0.991000
3766 1.010000
3767 0.902000
3768 0.826000
3769 0.980000
3770 0.936000
3771 0.881000
3772 0.903000
3773 0.866000
3774 0.864000
3775 0.894000
3776 0.899000
3777 0.909000
3778 0.946000
3779 0.942000
3780 0.765000
3781 0.871000
3782 0.855000
3783 0.901000
3784 0.816000
3785 0.789000
3786 0.879000
3787 0.860000
3788 0.727000
3789 0.781000
3790 0.898000
3791 0.993000
3792 0.807000
3793 0.811000
3794 0.931000
3795 0.868000
3796 0.862000
3797 0.744000
3798 0.770000
3799 0.698000
3800 0.734000
3801 0.769000
3802 0.753000
3803 0.834000
3804 0.758000
3805 0.707000
3806 0.779000
3807 0.795000
3808 0.822000
3809 0.811000
3810 0.846000
3811 0.785000
3812 0.831000
3813 0.765000
3814 0.754000
3815 0.696000
3816 0.763000
3817 0.763000
3818 0.767000
3819 0.780000
3820 0.837000
3821 0.788000
3822 0.816000
3823 0.822000
3824 0.890000
3825 0.862000
3826 0.859000
3827 0.878000
3828 0.867000
3829 0.828000
3830 0.786000
3831 0.888000
3832 0.842000
3833 0.903000
3834 0.814000
3835 0.877000
3836 0.771000
3837 0.863000
3838 0.877000
3839 0.886000
3840 0.898000
3841 0.904000
3842 0.798000
3843 0.874000
3844 0.941000
3845 0.871000
3846 0.843000
3847 0.853000
3848 0.864000
3849 0.872000
3850 0.806000
3851 0.853000
3852 0.871000
3853 0.849000
3854 0.894000
3855 0.846000
3856 0.900000
3857 0.821000
3858 0.846000
3859 0.860000
3860 0.888000
3861 0.876000
3862 0.872000
3863 0.819000
3864 0.829000
3865 0.924000
3866 0.815000
3867 0.872000
3868 0.878000
3869 0.884000
3870 0.784000
3871 0.744000
3872 0.834000
3873 0.894000
3874 0.916000
3875 0.898000
3876 0.910000
3877 0.820000
3878 0.876000
3879 0.834000
3880 0.859000
3881 0.868000
3882 0.883000
3883 0.864000
3884 0.786000
3885 0.869000
3886 0.869000
3887 0.821000
3888 0.834000
3889 0.848000
3890 0.913000
3891 0.819000
3892 0.803000
3893 0.869000
3894 0.878000
3895 0.820000
3896 0.854000
3897 0.862000
3898 0.874000
3899 0.867000
3900 0.889000
3901 0.920000
3902 0.885000
3903 0.821000
3904 0.805000
3905 0.884000
3906 0.826000
3907 0.857000
3908 0.869000
3909 0.860000
3910 0.807000
3911 0.816000
3912 0.830000
3913 0.842000
3914 0.853000
3915 0.864000
3916 0.810000
3917 0.853000
3918 0.867000
3919 0.849000
3920 0.863000
3921 0.772000
3922 0.807000
3923 0.845000
3924 0.819000
3925 0.830000
3926 0.841000
3927 0.792000
3928 0.798000
3929 0.899000
3930 0.890000
3931 0.782000
3932 0.874000
3933 0.758000
3934 0.907000
3935 0.782000
3936 0.896000
3937 0.860000
3938 0.856000
3939 0.827000
3940 0.879000
3941 0.799000
3942 0.829000
3943 0.866000
3944 0.832000
3945 0.891000
3946 0.923000
3947 0.877000
3948 0.922000
3949 0.944000
3950 0.871000
3951 0.793000
3952 0.896000
3953 0.909000
3954 0.902000
3955 0.920000
3956 0.922000
3957 0.899000
3958 0.932000
3959 0.862000
3960 0.929000
3961 0.933000
3962 0.863000
3963 0.878000
3964 0.932000
3965 0.937000
3966 0.897000
3967 0.924000
3968 0.945000
3969 0.910000
3970 0.929000
3971 0.911000
3972 0.926000
3973 0.898000
3974 0.897000
3975 0.912000
3976 0.919000
3977 0.916000
3978 0.878000
3979 0.886000
3980 0.939000
3981 0.869000
3982 0.951000
3983 0.939000
3984 0.956000
3985 0.908000
3986 0.916000
3987 0.945000
3988 0.913000
3989 0.955000
3990 0.926000
3991 0.901000
3992 0.940000
3993 0.928000
3994 0.841000
3995 0.898000
3996 0.847000
3997 0.856000
3998 0.869000
3999 0.865000
4000 0.888000
4001 0.898000
4002 0.926000
4003 0.848000
4004 0.936000
4005 0.823000
4006 0.968000
4007 0.835000
4008 0.840000
4009 0.866000
4010 0.855000
4011 0.843000
4012 0.944000
4013 0.888000
4014 0.932000
4015 0.935000
4016 0.933000
4017 0.898000
4018 0.944000
4019 0.900000
4020 0.866000
4021 0.878000
4022 0.830000
4023 0.883000
4024 0.874000
4025 0.850000
4026 0.923000
4027 0.982000
4028 0.820000
4029 0.832000
4030 0.842000
4031 0.904000
4032 0.843000
4033 0.848000
4034 0.855000
4035 0.850000
4036 0.919000
4037 0.895000
4038 0.966000
4039 0.829000
4040 0.882000
4041 0.887000
4042 0.902000
4043 0.861000
4044 0.879000
4045 0.843000
4046 0.897000
4047 0.839000
4048 0.829000
4049 0.921000
4050 0.854000
4051 0.855000
4052 0.862000
4053 0.896000
4054 0.906000
4055 0.865000
4056 0.807000
4057 0.887000
4058 0.932000
4059 0.892000
4060 0.812000
4061 0.818000
4062 0.860000
4063 0.870000
4064 0.844000
4065 0.894000
4066 0.864000
4067 0.843000
4068 0.795000
4069 0.877000
4070 0.884000
4071 0.892000
4072 0.833000
4073 0.839000
4074 0.856000
4075 0.879000
4076 0.852000
4077 0.880000
4078 0.874000
4079 0.967000
4080 0.813000
4081 0.886000
4082 0.946000
4083 0.794000
4084 0.853000
4085 0.855000
4086 0.858000
4087 0.873000
4088 0.836000
4089 0.893000
4090 0.897000
4091 0.858000
4092 0.847000
4093 0.937000
4094 0.861000
4095 0.966000
4096 0.794000
4097 0.847000
4098 0.833000
4099 0.787000
4100 0.800000
4101 0.811000
4102 0.821000
4103 0.869000
4104 0.811000
4105 0.916000
4106 0.789000
4107 0.869000
4108 0.880000
4109 0.724000
4110 0.858000
4111 0.785000
4112 0.797000
4113 0.811000
4114 0.886000
4115 0.942000
4116 0.957000
4117 0.898000
4118 0.982000
4119 0.824000
4120 0.969000
4121 0.848000
4122 0.906000
4123 0.918000
4124 0.863000
4125 0.845000
4126 0.884000
4127 0.898000
4128 0.924000
4129 0.932000
4130 0.939000
4131 0.864000
4132 0.953000
4133 0.933000
4134 0.938000
4135 0.925000
4136 0.957000
4137 0.889000
4138 0.905000
4139 0.915000
4140 0.892000
4141 0.924000
4142 0.921000
4143 0.930000
4144 0.930000
4145 0.905000
4146 0.938000
4147 0.928000
4148 0.878000
4149 0.882000
4150 0.921000
4151 0.906000
4152 0.920000
4153 0.899000
4154 0.957000
4155 0.885000
4156 0.979000
4157 0.989000
4158 0.973000
4159 0.930000
4160 1.018000
4161 0.935000
4162 0.938000
4163 0.917000
4164 0.831000
4165 0.968000
4166 0.897000
4167 0.963000
4168 0.881000
4169 0.887000
4170 0.933000
4171 0.935000
4172 0.936000
4173 0.938000
4174 0.897000
4175 0.940000
4176 0.953000
4177 0.904000
4178 0.919000
4179 0.908000
4180 0.979000
4181 0.871000
4182 0.950000
4183 0.949000
4184 0.963000
4185 0.896000
4186 0.909000
4187 0.909000
4188 0.922000
4189 0.931000
4190 0.936000
4191 0.940000
4192 1.003000
4193 0.826000
4194 0.969000
4195 0.903000
4196 0.855000
4197 0.923000
4198 0.931000
4199 0.886000
4200 0.898000
4201 0.906000
4202 0.877000
4203 0.926000
4204 0.992000
4205 0.879000
4206 0.901000
4207 0.975000
4208 0.893000
4209 0.831000
4210 0.953000
4211 0.934000
4212 0.885000
4213 0.978000
4214 0.909000
4215 0.914000
4216 0.917000
4217 0.896000
4218 0.871000
4219 0.949000
4220 0.953000
4221 0.957000
4222 0.968000
4223 0.979000
4224 0.913000
4225 1.002000
4226 0.894000
4227 0.904000
4228 0.916000
4229 0.914000
4230 0.864000
4231 0.870000
4232 0.944000
4233 0.849000
4234 0.990000
4235 0.935000
4236 0.903000
4237 0.868000
4238 0.903000
4239 0.929000
4240 0.872000
4241 0.890000
4242 0.862000
4243 0.895000
4244 0.929000
4245 0.875000
4246 0.942000
4247 0.900000
4248 0.911000
4249 0.926000
4250 0.865000
4251 0.926000
4252 0.940000
4253 0.900000
4254 0.920000
4255 0.910000
4256 0.913000
4257 0.899000
4258 0.917000
4259 0.942000
4260 0.947000
4261 0.968000
4262 0.867000
4263 0.921000
4264 0.928000
4265 0.967000
4266 0.920000
4267 0.942000
4268 0.959000
4269 0.896000
4270 0.906000
4271 0.912000
4272 0.850000
4273 0.931000
4274 0.944000
4275 0.900000
4276 0.908000
4277 0.915000
4278 0.916000
4279 0.909000
4280 0.917000
4281 0.929000
4282 0.938000
4283 0.963000
4284 0.925000
4285 0.934000
4286 0.933000
4287 0.942000
4288 0.849000
4289 0.934000
4290 0.873000
4291 0.887000
4292 0.989000
4293 0.930000
4294 0.940000
4295 0.918000
4296 1.015000
4297 0.946000
4298 0.959000
4299 0.835000
4300 0.884000
4301 0.949000
4302 0.955000
4303 0.890000
4304 0.883000
4305 0.899000
4306 0.901000
4307 0.909000
4308 0.918000
4309 1.009000
4310 0.858000
4311 0.935000
4312 0.874000
4313 0.978000
4314 0.860000
4315 0.911000
4316 0.914000
4317 0.916000
4318 0.887000
4319 0.897000
4320 0.955000
4321 0.916000
4322 0.964000
4323 0.935000
4324 0.913000
4325 0.869000
4326 0.875000
4327 0.821000
4328 0.897000
4329 0.947000
4330 0.922000
4331 0.865000
4332 0.944000
4333 0.940000
4334 0.910000
4335 0.899000
4336 0.929000
4337 0.864000
4338 0.958000
4339 0.844000
4340 0.853000
4341 0.862000
4342 0.922000
4343 0.854000
4344 0.902000
4345 0.922000
4346 0.948000
4347 0.985000
4348 0.899000
4349 0.910000
4350 0.860000
4351 0.864000
4352 0.908000
4353 0.917000
4354 0.903000
4355 0.910000
4356 0.943000
4357 0.906000
4358 0.859000
4359 0.849000
4360 0.956000
4361 0.913000
4362 0.929000
4363 0.864000
4364 0.870000
4365 0.913000
4366 0.893000
4367 0.919000
4368 0.927000
4369 0.942000
4370 0.902000
4371 0.910000
4372 0.910000
4373 0.916000
4374 0.887000
4375 0.891000
4376 0.852000
4377 0.881000
4378 0.910000
4379 0.940000
4380 0.967000
4381 0.926000
4382 0.978000
4383 0.999000
4384 0.908000
4385 0.935000
4386 0.900000
4387 0.913000
4388 0.929000
4389 0.919000
4390 0.885000
4391 0.870000
4392 0.900000
4393 0.912000
4394 0.941000
4395 0.925000
4396 0.996000
4397 0.933000
4398 1.008000
4399 0.931000
4400 0.912000
4401 0.838000
4402 0.889000
4403 0.898000
4404 0.858000
4405 0.884000
4406 0.896000
4407 0.908000
4408 0.889000
4409 0.915000
4410 0.964000
4411 0.942000
4412 0.990000
4413 0.833000
4414 0.893000
4415 0.904000
4416 0.972000
4417 0.874000
4418 0.801000
4419 0.893000
4420 0.874000
4421 0.830000
4422 0.925000
4423 0.938000
4424 0.913000
4425 0.986000
4426 0.832000
4427 0.917000
4428 0.853000
4429 0.911000
4430 0.921000
4431 0.985000
4432 0.944000
4433 0.927000
4434 0.961000
4435 0.954000
4436 0.959000
4437 0.882000
4438 0.947000
4439 0.972000
4440 0.901000
4441 0.881000
4442 0.892000
4443 0.904000
4444 0.892000
4445 0.878000
4446 0.851000
4447 0.945000
4448 0.966000
4449 0.923000
4450 0.940000
4451 0.915000
4452 0.862000
4453 0.922000
4454 0.932000
4455 0.917000
4456 0.928000
4457 0.885000
4458 0.935000
4459 0.950000
4460 0.967000
4461 0.874000
4462 0.968000
4463 0.899000
4464 0.909000
4465 0.950000
4466 0.912000
4467 0.901000
4468 0.831000
4469 0.843000
4470 0.985000
4471 0.864000
4472 1.000000
4473 0.915000
4474 0.929000
4475 0.906000
4476 0.911000
4477 0.937000
4478 0.925000
4479 0.927000
4480 0.959000
4481 0.902000
4482 0.869000
4483 0.850000
4484 0.943000
4485 0.884000
4486 0.894000
4487 0.883000
4488 0.916000
4489 0.927000
4490 0.930000
4491 0.934000
4492 0.918000
4493 0.872000
4494 0.936000
4495 0.723000
4496 0.818000
4497 0.811000
4498 0.878000
4499 0.889000
4500 0.864000
4501 0.914000
4502 0.883000
4503 0.866000
4504 0.873000
4505 0.889000
4506 0.849000
4507 0.855000
4508 0.868000
4509 0.807000
4510 0.849000
4511 0.831000
4512 0.789000
4513 0.854000
4514 0.818000
4515 0.819000
4516 0.874000
4517 0.775000
4518 0.815000
4519 0.827000
4520 0.754000
4521 0.849000
4522 0.868000
4523 0.789000
4524 0.798000
4525 0.812000
4526 0.809000
4527 0.721000
4528 0.808000
4529 0.812000
4530 0.758000
4531 0.844000
4532 0.835000
4533 0.883000
4534 0.860000
4535 0.904000
4536 0.933000
4537 0.922000
4538 0.831000
4539 0.735000
4540 0.759000
4541 0.789000
4542 0.799000
4543 0.901000
4544 0.788000
4545 0.809000
4546 0.882000
4547 0.897000
4548 0.876000
4549 0.874000
4550 0.925000
4551 0.935000
4552 0.888000
4553 0.925000
4554 0.805000
4555 0.967000
4556 0.872000
4557 0.805000
4558 0.841000
4559 0.909000
4560 0.894000
4561 0.858000
4562 0.832000
4563 0.845000
4564 0.876000
4565 0.788000
4566 0.955000
4567 0.804000
4568 0.841000
4569 0.842000
4570 0.855000
4571 0.818000
4572 0.871000
4573 0.851000
4574 0.912000
4575 0.920000
4576 0.944000
4577 0.942000
4578 0.902000
4579 0.956000
4580 0.836000
4581 0.900000
4582 0.870000
4583 0.883000
4584 0.888000
4585 0.903000
4586 0.895000
4587 0.917000
4588 0.916000
4589 0.931000
4590 0.936000
4591 0.941000
4592 0.893000
4593 0.844000
4594 0.819000
4595 0.867000
4596 0.878000
4597 0.802000
4598 0.840000
4599 0.844000
4600 0.924000
4601 0.937000
4602 0.939000
4603 0.871000
4604 0.954000
4605 0.843000
4606 0.855000
4607 0.867000
4608 0.877000
4609 0.887000
4610 0.900000
4611 0.908000
4612 0.905000
4613 0.907000
4614 0.909000
4615 0.906000
4616 0.907000
4617 0.908000
4618 0.908000
4619 0.865000
4620 0.914000
4621 0.805000
4622 0.810000
4623 0.890000
4624 0.901000
4625 0.907000
4626 0.907000
4627 0.893000
4628 0.834000
4629 0.883000
4630 0.858000
4631 0.866000
4632 0.881000
4633 0.894000
4634 0.905000
4635 0.966000
4636 0.918000
4637 0.899000
4638 0.871000
4639 0.877000
4640 0.850000
4641 0.839000
4642 0.860000
4643 0.874000
4644 0.884000
4645 0.826000
4646 0.819000
4647 0.831000
4648 0.956000
4649 0.832000
4650 0.956000
4651 0.879000
4652 0.892000
4653 0.846000
4654 0.854000
4655 0.847000
4656 0.862000
4657 0.866000
4658 0.796000
4659 0.850000
4660 0.901000
4661 0.927000
4662 0.840000
4663 0.890000
4664 0.900000
4665 0.869000
4666 0.883000
4667 0.893000
4668 0.909000
4669 0.910000
4670 0.928000
4671 0.834000
4672 0.846000
4673 0.944000
4674 0.876000
4675 0.891000
4676 0.948000
4677 0.844000
4678 0.848000
4679 0.861000
4680 0.868000
4681 0.882000
4682 0.883000
4683 0.861000
4684 0.905000
4685 0.860000
4686 0.873000
4687 0.896000
4688 0.954000
4689 0.850000
4690 0.931000
4691 0.931000
4692 0.852000
4693 0.872000
4694 0.805000
4695 0.851000
4696 0.870000
4697 0.879000
4698 0.893000
4699 0.938000
4700 0.825000
4701 0.834000
4702 0.851000
4703 0.841000
4704 0.785000
4705 0.849000
4706 0.892000
4707 0.887000
4708 0.883000
4709 0.878000
4710 0.855000
4711 0.866000
4712 0.878000
4713 0.889000
4714 0.899000
4715 0.871000
4716 0.880000
4717 0.845000
4718 0.867000
4719 0.831000
4720 0.926000
4721 0.940000
4722 0.876000
4723 0.927000
4724 0.888000
4725 0.894000
4726 0.911000
4727 0.795000
4728 0.890000
4729 0.816000
4730 0.920000
4731 0.854000
4732 0.852000
4733 0.863000
4734 0.855000
4735 0.844000
4736 0.866000
4737 0.934000
4738 0.907000
4739 0.840000
4740 0.893000
4741 0.897000
4742 0.817000
4743 0.850000
4744 0.864000
4745 0.836000
4746 0.863000
4747 0.811000
4748 0.826000
4749 0.880000
4750 0.913000
4751 0.855000
4752 0.870000
4753 0.882000
4754 0.863000
4755 0.871000
4756 0.847000
4757 0.933000
4758 0.903000
4759 0.910000
4760 0.904000
4761 0.886000
4762 0.937000
4763 0.887000
4764 0.945000
4765 0.909000
4766 0.900000
4767 0.904000
4768 0.909000
4769 0.908000
4770 0.855000
4771 0.855000
4772 0.854000
4773 0.824000
4774 0.830000
4775 0.837000
4776 0.912000
4777 0.857000
4778 0.935000
4779 0.888000
4780 0.931000
4781 0.909000
4782 0.950000
4783 0.857000
4784 0.907000
4785 0.892000
4786 0.852000
4787 0.863000
4788 0.941000
4789 0.840000
4790 0.933000
4791 0.898000
4792 0.901000
4793 0.899000
4794 0.876000
4795 0.939000
4796 0.936000
4797 0.904000
4798 0.897000
4799 0.944000
4800 0.839000
4801 0.852000
4802 0.866000
4803 0.841000
4804 0.888000
4805 0.896000
4806 0.860000
4807 0.846000
4808 0.896000
4809 0.801000
4810 0.826000
4811 0.834000
4812 0.937000
4813 0.826000
4814 0.827000
4815 0.837000
4816 0.864000
4817 0.870000
4818 0.915000
4819 0.928000
4820 0.862000
4821 0.951000
4822 0.908000
4823 0.828000
4824 0.930000
4825 0.940000
4826 0.858000
4827 0.870000
4828 0.880000
4829 0.837000
4830 0.906000
4831 0.904000
4832 0.888000
4833 0.896000
4834 0.958000
4835 0.899000
4836 0.757000
4837 0.949000
4838 0.938000
4839 0.917000
4840 0.793000
4841 0.798000
4842 0.801000
4843 0.781000
4844 0.814000
4845 0.895000
4846 0.887000
4847 0.864000
4848 0.851000
4849 0.874000
4850 0.884000
4851 0.861000
4852 0.913000
4853 0.800000
4854 0.808000
4855 0.804000
4856 0.792000
4857 0.829000
4858 0.841000
4859 0.851000
4860 0.826000
4861 0.877000
4862 0.889000
4863 0.897000
4864 0.914000
4865 0.798000
4866 0.935000
4867 0.814000
4868 0.858000
4869 0.867000
4870 0.873000
4871 0.886000
4872 0.923000
4873 0.864000
4874 0.890000
4875 0.887000
4876 0.863000
4877 0.917000
4878 0.878000
4879 0.825000
4880 0.873000
4881 0.819000
4882 0.820000
4883 0.863000
4884 0.859000
4885 0.874000
4886 0.859000
4887 0.913000
4888 0.930000
4889 0.797000
4890 0.902000
4891 0.907000
4892 0.815000
4893 0.875000
4894 0.811000
4895 0.802000
4896 0.822000
4897 0.748000
4898 0.769000
4899 0.858000
4900 0.873000
4901 0.886000
4902 0.813000
4903 0.895000
4904 0.903000
4905 0.830000
4906 0.807000
4907 0.818000
4908 0.865000
4909 0.841000
4910 0.849000
4911 0.851000
4912 0.785000
4913 0.881000
4914 0.905000
4915 0.896000
4916 0.908000
4917 0.817000
4918 0.876000
4919 0.839000
4920 0.853000
4921 0.865000
4922 0.792000
4923 0.803000
4924 0.808000
4925 0.811000
4926 0.857000
4927 0.856000
4928 0.842000
4929 0.894000
4930 0.916000
4931 0.848000
4932 0.829000
4933 0.767000
4934 0.859000
4935 0.788000
4936 0.772000
4937 0.812000
4938 0.806000
4939 0.868000
4940 0.787000
4941 0.832000
4942 0.845000
4943 0.818000
4944 0.830000
4945 0.866000
4946 0.887000
4947 0.903000
4948 0.861000
4949 0.764000
4950 0.807000
4951 0.926000
4952 0.811000
4953 0.800000
4954 0.839000
4955 0.848000
4956 0.863000
4957 0.850000
4958 0.854000
4959 0.899000
4960 0.784000
4961 0.809000
4962 0.806000
4963 0.907000
4964 0.922000
4965 0.776000
4966 0.810000
4967 0.895000
4968 0.813000
4969 0.814000
4970 0.862000
4971 0.870000
4972 0.886000
4973 0.894000
4974 0.905000
4975 0.780000
4976 0.874000
4977 0.892000
4978 0.811000
4979 0.935000
4980 0.887000
4981 0.856000
4982 0.814000
4983 0.803000
4984 0.880000
4985 0.875000
4986 0.886000
4987 0.912000
4988 0.911000
4989 0.862000
4990 0.907000
4991 0.913000
4992 0.945000
4993 0.881000
4994 0.813000
4995 0.860000
4996 0.872000
4997 0.884000
4998 0.894000
4999 0.829000
5000 0.766000
