#ToRs	Run1	Run2	Run3	Run4	Run5	Avg
1000	178	183	183	182	178	180.80000000000000000000	178	183
2000	350	354	346	350	353	350.60000000000000000000	346	354
3000	524	524	517	524	533	524.40000000000000000000	517	533
4000	688	700	694	702	700	696.80000000000000000000	688	702
5000	847	870	864	870	853	860.80000000000000000000	847	870
6000	1033	1040	1031	1024	1032	1032.00000000000000000000	1024	1040
7000	1225	1213	1185	1204	1194	1204.20000000000000000000	1185	1225
8000	1383	1360	1380	1371	1378	1374.40000000000000000000	1360	1383
9000	1526	1551	1543	1550	1535	1541.00000000000000000000	1526	1551
10000	1720	1750	1722	1718	1722	1726.40000000000000000000	1718	1750
