1 0.552000
2 0.593000
3 0.507000
4 0.571000
5 0.542000
6 0.600000
7 0.587000
8 0.564000
9 0.576000
10 0.582000
11 0.587000
12 0.589000
13 0.574000
14 0.546000
15 0.553000
16 0.557000
17 0.511000
18 0.596000
19 0.590000
20 0.587000
21 0.505000
22 0.589000
23 0.586000
24 0.590000
25 0.560000
26 0.560000
27 0.592000
28 0.585000
29 0.581000
30 0.581000
31 0.652000
32 0.583000
33 0.515000
34 0.590000
35 0.583000
36 0.611000
37 0.555000
38 0.582000
39 0.589000
40 0.585000
41 0.573000
42 0.609000
43 0.570000
44 0.572000
45 0.490000
46 0.576000
47 0.582000
48 0.630000
49 0.589000
50 0.591000
51 0.623000
52 0.596000
53 0.573000
54 0.582000
55 0.631000
56 0.623000
57 0.596000
58 0.587000
59 0.626000
60 0.585000
61 0.589000
62 0.584000
63 0.585000
64 0.583000
65 0.548000
66 0.585000
67 0.589000
68 0.581000
69 0.576000
70 0.567000
71 0.553000
72 0.584000
73 0.549000
74 0.591000
75 0.604000
76 0.583000
77 0.559000
78 0.586000
79 0.589000
80 0.590000
81 0.570000
82 0.592000
83 0.591000
84 0.586000
85 0.568000
86 0.596000
87 0.583000
88 0.587000
89 0.573000
90 0.581000
91 0.594000
92 0.591000
93 0.579000
94 0.586000
95 0.584000
96 0.586000
97 0.554000
98 0.580000
99 0.590000
100 0.579000
101 0.518000
102 0.543000
103 0.596000
104 0.588000
105 0.573000
106 0.584000
107 0.605000
108 0.573000
109 0.499000
110 0.583000
111 0.579000
112 0.586000
113 0.553000
114 0.585000
115 0.589000
116 0.582000
117 0.514000
118 0.606000
119 0.583000
120 0.588000
121 0.567000
122 0.602000
123 0.590000
124 0.588000
125 0.569000
126 0.589000
127 0.607000
128 0.583000
129 0.566000
130 0.615000
131 0.587000
132 0.585000
133 0.557000
134 0.591000
135 0.585000
136 0.585000
137 0.584000
138 0.593000
139 0.589000
140 0.607000
141 0.599000
142 0.608000
143 0.582000
144 0.582000
145 0.556000
146 0.598000
147 0.587000
148 0.582000
149 0.580000
150 0.586000
151 0.584000
152 0.585000
153 0.575000
154 0.612000
155 0.586000
156 0.594000
157 0.556000
158 0.611000
159 0.586000
160 0.579000
161 0.557000
162 0.581000
163 0.568000
164 0.578000
165 0.498000
166 0.583000
167 0.515000
168 0.563000
169 0.568000
170 0.562000
171 0.506000
172 0.564000
173 0.596000
174 0.581000
175 0.587000
176 0.586000
177 0.563000
178 0.602000
179 0.604000
180 0.585000
181 0.576000
182 0.584000
183 0.575000
184 0.582000
185 0.561000
186 0.578000
187 0.592000
188 0.586000
189 0.588000
190 0.585000
191 0.564000
192 0.583000
193 0.547000
194 0.583000
195 0.585000
196 0.587000
197 0.587000
198 0.592000
199 0.589000
200 0.594000
201 0.570000
202 0.590000
203 0.574000
204 0.588000
205 0.556000
206 0.585000
207 0.593000
208 0.585000
209 0.567000
210 0.609000
211 0.590000
212 0.593000
213 0.571000
214 0.597000
215 0.585000
216 0.586000
217 0.573000
218 0.587000
219 0.591000
220 0.597000
221 0.580000
222 0.593000
223 0.615000
224 0.587000
225 0.548000
226 0.555000
227 0.560000
228 0.566000
229 0.543000
230 0.600000
231 0.613000
232 0.611000
233 0.608000
234 0.596000
235 0.595000
236 0.582000
237 0.586000
238 0.596000
239 0.596000
240 0.582000
241 0.590000
242 0.595000
243 0.586000
244 0.598000
245 0.584000
246 0.581000
247 0.587000
248 0.579000
249 0.585000
250 0.586000
251 0.607000
252 0.588000
253 0.583000
254 0.586000
255 0.592000
256 0.556000
257 0.572000
258 0.554000
259 0.586000
260 0.581000
261 0.585000
262 0.582000
263 0.587000
264 0.579000
265 0.583000
266 0.587000
267 0.594000
268 0.587000
269 0.585000
270 0.589000
271 0.595000
272 0.585000
273 0.589000
274 0.586000
275 0.589000
276 0.583000
277 0.595000
278 0.586000
279 0.619000
280 0.590000
281 0.574000
282 0.592000
283 0.589000
284 0.584000
285 0.585000
286 0.551000
287 0.520000
288 0.585000
289 0.581000
290 0.598000
291 0.586000
292 0.584000
293 0.587000
294 0.593000
295 0.587000
296 0.577000
297 0.585000
298 0.591000
299 0.593000
300 0.580000
301 0.588000
302 0.585000
303 0.586000
304 0.583000
305 0.583000
306 0.590000
307 0.586000
308 0.587000
309 0.584000
310 0.588000
311 0.585000
312 0.585000
313 0.582000
314 0.592000
315 0.588000
316 0.509000
317 0.550000
318 0.603000
319 0.589000
320 0.572000
321 0.589000
322 0.590000
323 0.586000
324 0.587000
325 0.582000
326 0.605000
327 0.582000
328 0.618000
329 0.580000
330 0.588000
331 0.581000
332 0.588000
333 0.584000
334 0.589000
335 0.590000
336 0.592000
337 0.590000
338 0.591000
339 0.594000
340 0.587000
341 0.582000
342 0.592000
343 0.587000
344 0.586000
345 0.582000
346 0.591000
347 0.605000
348 0.589000
349 0.583000
350 0.587000
351 0.591000
352 0.586000
353 0.582000
354 0.588000
355 0.588000
356 0.580000
357 0.587000
358 0.585000
359 0.589000
360 0.580000
361 0.588000
362 0.584000
363 0.588000
364 0.589000
365 0.584000
366 0.593000
367 0.617000
368 0.584000
369 0.584000
370 0.597000
371 0.590000
372 0.582000
373 0.592000
374 0.595000
375 0.586000
376 0.600000
377 0.580000
378 0.592000
379 0.591000
380 0.553000
381 0.603000
382 0.587000
383 0.588000
384 0.620000
385 0.585000
386 0.588000
387 0.594000
388 0.590000
389 0.583000
390 0.594000
391 0.590000
392 0.583000
393 0.586000
394 0.587000
395 0.595000
396 0.586000
397 0.583000
398 0.589000
399 0.587000
400 0.576000
401 0.583000
402 0.589000
403 0.591000
404 0.585000
405 0.587000
406 0.588000
407 0.620000
408 0.587000
409 0.583000
410 0.584000
411 0.588000
412 0.587000
413 0.583000
414 0.610000
415 0.587000
416 0.583000
417 0.589000
418 0.588000
419 0.584000
420 0.604000
421 0.587000
422 0.586000
423 0.591000
424 0.584000
425 0.588000
426 0.591000
427 0.591000
428 0.568000
429 0.583000
430 0.623000
431 0.586000
432 0.558000
433 0.586000
434 0.586000
435 0.590000
436 0.580000
437 0.594000
438 0.592000
439 0.586000
440 0.581000
441 0.587000
442 0.598000
443 0.586000
444 0.587000
445 0.585000
446 0.582000
447 0.589000
448 0.585000
449 0.600000
450 0.587000
451 0.604000
452 0.545000
453 0.554000
454 0.580000
455 0.626000
456 0.582000
457 0.583000
458 0.595000
459 0.593000
460 0.584000
461 0.583000
462 0.592000
463 0.588000
464 0.593000
465 0.583000
466 0.592000
467 0.593000
468 0.588000
469 0.583000
470 0.602000
471 0.586000
472 0.587000
473 0.593000
474 0.593000
475 0.602000
476 0.581000
477 0.584000
478 0.600000
479 0.584000
480 0.589000
481 0.578000
482 0.594000
483 0.587000
484 0.547000
485 0.570000
486 0.554000
487 0.629000
488 0.600000
489 0.622000
490 0.590000
491 0.592000
492 0.593000
493 0.587000
494 0.595000
495 0.589000
496 0.545000
497 0.574000
498 0.595000
499 0.624000
500 0.578000
501 0.585000
502 0.591000
503 0.559000
504 0.592000
505 0.581000
506 0.604000
507 0.531000
508 0.584000
509 0.587000
510 0.633000
511 0.512000
512 0.583000
513 0.584000
514 0.592000
515 0.501000
516 0.584000
517 0.587000
518 0.605000
519 0.530000
520 0.545000
521 0.588000
522 0.588000
523 0.504000
524 0.482000
525 0.509000
526 0.592000
527 0.553000
528 0.520000
529 0.568000
530 0.588000
531 0.584000
532 0.575000
533 0.588000
534 0.606000
535 0.573000
536 0.581000
537 0.592000
538 0.592000
539 0.592000
540 0.607000
541 0.582000
542 0.589000
543 0.588000
544 0.586000
545 0.583000
546 0.599000
547 0.596000
548 0.591000
549 0.585000
550 0.601000
551 0.585000
552 0.585000
553 0.587000
554 0.587000
555 0.592000
556 0.584000
557 0.591000
558 0.587000
559 0.592000
560 0.604000
561 0.582000
562 0.593000
563 0.594000
564 0.586000
565 0.584000
566 0.607000
567 0.607000
568 0.586000
569 0.585000
570 0.591000
571 0.548000
572 0.598000
573 0.589000
574 0.570000
575 0.603000
576 0.604000
577 0.559000
578 0.550000
579 0.569000
580 0.570000
581 0.604000
582 0.594000
583 0.561000
584 0.601000
585 0.590000
586 0.584000
587 0.558000
588 0.579000
589 0.588000
590 0.579000
591 0.612000
592 0.581000
593 0.597000
594 0.580000
595 0.592000
596 0.577000
597 0.609000
598 0.583000
599 0.585000
600 0.583000
601 0.586000
602 0.579000
603 0.594000
604 0.586000
605 0.588000
606 0.586000
607 0.607000
608 0.592000
609 0.585000
610 0.578000
611 0.598000
612 0.597000
613 0.587000
614 0.597000
615 0.602000
616 0.583000
617 0.597000
618 0.584000
619 0.594000
620 0.582000
621 0.587000
622 0.593000
623 0.603000
624 0.577000
625 0.591000
626 0.596000
627 0.594000
628 0.600000
629 0.598000
630 0.599000
631 0.602000
632 0.592000
633 0.600000
634 0.578000
635 0.591000
636 0.585000
637 0.592000
638 0.591000
639 0.601000
640 0.586000
641 0.593000
642 0.554000
643 0.574000
644 0.571000
645 0.594000
646 0.590000
647 0.606000
648 0.579000
649 0.584000
650 0.579000
651 0.605000
652 0.586000
653 0.588000
654 0.597000
655 0.601000
656 0.595000
657 0.590000
658 0.582000
659 0.600000
660 0.584000
661 0.590000
662 0.598000
663 0.600000
664 0.584000
665 0.594000
666 0.579000
667 0.594000
668 0.583000
669 0.605000
670 0.584000
671 0.609000
672 0.598000
673 0.588000
674 0.585000
675 0.592000
676 0.585000
677 0.589000
678 0.588000
679 0.593000
680 0.579000
681 0.587000
682 0.576000
683 0.594000
684 0.586000
685 0.586000
686 0.582000
687 0.582000
688 0.590000
689 0.582000
690 0.595000
691 0.590000
692 0.558000
693 0.546000
694 0.593000
695 0.621000
696 0.591000
697 0.589000
698 0.579000
699 0.628000
700 0.605000
701 0.593000
702 0.592000
703 0.586000
704 0.606000
705 0.606000
706 0.579000
707 0.598000
708 0.595000
709 0.593000
710 0.586000
711 0.634000
712 0.586000
713 0.590000
714 0.583000
715 0.607000
716 0.561000
717 0.545000
718 0.590000
719 0.625000
720 0.585000
721 0.630000
722 0.577000
723 0.596000
724 0.586000
725 0.588000
726 0.584000
727 0.582000
728 0.595000
729 0.601000
730 0.578000
731 0.601000
732 0.585000
733 0.592000
734 0.595000
735 0.605000
736 0.592000
737 0.597000
738 0.595000
739 0.590000
740 0.584000
741 0.599000
742 0.589000
743 0.621000
744 0.579000
745 0.589000
746 0.579000
747 0.592000
748 0.587000
749 0.586000
750 0.622000
751 0.595000
752 0.582000
753 0.571000
754 0.579000
755 0.595000
756 0.582000
757 0.594000
758 0.595000
759 0.586000
760 0.598000
761 0.600000
762 0.580000
763 0.601000
764 0.586000
765 0.591000
766 0.594000
767 0.620000
768 0.577000
769 0.587000
770 0.590000
771 0.604000
772 0.597000
773 0.586000
774 0.625000
775 0.585000
776 0.603000
777 0.565000
778 0.605000
779 0.597000
780 0.583000
781 0.603000
782 0.585000
783 0.606000
784 0.593000
785 0.597000
786 0.601000
787 0.592000
788 0.585000
789 0.594000
790 0.589000
791 0.607000
792 0.584000
793 0.603000
794 0.594000
795 0.596000
796 0.591000
797 0.586000
798 0.593000
799 0.606000
800 0.584000
801 0.606000
802 0.598000
803 0.593000
804 0.587000
805 0.591000
806 0.589000
807 0.628000
808 0.590000
809 0.582000
810 0.579000
811 0.604000
812 0.578000
813 0.608000
814 0.595000
815 0.627000
816 0.517000
817 0.586000
818 0.602000
819 0.596000
820 0.595000
821 0.609000
822 0.590000
823 0.584000
824 0.605000
825 0.577000
826 0.579000
827 0.603000
828 0.586000
829 0.591000
830 0.582000
831 0.650000
832 0.596000
833 0.605000
834 0.628000
835 0.625000
836 0.579000
837 0.590000
838 0.594000
839 0.627000
840 0.575000
841 0.595000
842 0.574000
843 0.591000
844 0.589000
845 0.591000
846 0.642000
847 0.587000
848 0.600000
849 0.585000
850 0.469000
851 0.549000
852 0.600000
853 0.617000
854 0.590000
855 0.606000
856 0.597000
857 0.598000
858 0.620000
859 0.605000
860 0.603000
861 0.550000
862 0.583000
863 0.633000
864 0.580000
865 0.566000
866 0.577000
867 0.610000
868 0.628000
869 0.586000
870 0.583000
871 0.641000
872 0.618000
873 0.619000
874 0.594000
875 0.592000
876 0.581000
877 0.573000
878 0.583000
879 0.644000
880 0.592000
881 0.571000
882 0.589000
883 0.611000
884 0.628000
885 0.582000
886 0.594000
887 0.642000
888 0.596000
889 0.597000
890 0.585000
891 0.644000
892 0.587000
893 0.583000
894 0.592000
895 0.640000
896 0.591000
897 0.560000
898 0.583000
899 0.606000
900 0.609000
901 0.562000
902 0.549000
903 0.555000
904 0.602000
905 0.596000
906 0.586000
907 0.558000
908 0.575000
909 0.558000
910 0.582000
911 0.639000
912 0.592000
913 0.572000
914 0.609000
915 0.627000
916 0.602000
917 0.562000
918 0.560000
919 0.655000
920 0.598000
921 0.587000
922 0.585000
923 0.590000
924 0.632000
925 0.577000
926 0.592000
927 0.626000
928 0.603000
929 0.591000
930 0.583000
931 0.604000
932 0.594000
933 0.559000
934 0.589000
935 0.628000
936 0.593000
937 0.565000
938 0.588000
939 0.594000
940 0.605000
941 0.577000
942 0.592000
943 0.602000
944 0.597000
945 0.588000
946 0.580000
947 0.595000
948 0.626000
949 0.578000
950 0.627000
951 0.596000
952 0.598000
953 0.596000
954 0.589000
955 0.587000
956 0.586000
957 0.557000
958 0.597000
959 0.607000
960 0.595000
961 0.590000
962 0.585000
963 0.599000
964 0.626000
965 0.577000
966 0.540000
967 0.578000
968 0.599000
969 0.594000
970 0.579000
971 0.597000
972 0.585000
973 0.556000
974 0.590000
975 0.632000
976 0.627000
977 0.585000
978 0.581000
979 0.629000
980 0.579000
981 0.559000
982 0.584000
983 0.630000
984 0.539000
985 0.554000
986 0.582000
987 0.628000
988 0.597000
989 0.552000
990 0.620000
991 0.591000
992 0.600000
993 0.593000
994 0.578000
995 0.591000
996 0.588000
997 0.482000
998 0.573000
999 0.583000
1000 0.586000
1001 0.554000
1002 0.641000
1003 0.642000
1004 0.600000
1005 0.578000
1006 0.583000
1007 0.588000
1008 0.582000
1009 0.563000
1010 0.579000
1011 0.507000
1012 0.605000
1013 0.576000
1014 0.598000
1015 0.641000
1016 0.604000
1017 0.596000
1018 0.591000
1019 0.612000
1020 0.594000
1021 0.569000
1022 0.614000
1023 0.542000
1024 0.528000
1025 0.555000
1026 0.604000
1027 0.599000
1028 0.577000
1029 0.553000
1030 0.561000
1031 0.645000
1032 0.579000
1033 0.559000
1034 0.553000
1035 0.627000
1036 0.583000
1037 0.588000
1038 0.539000
1039 0.578000
1040 0.589000
1041 0.555000
1042 0.560000
1043 0.625000
1044 0.584000
1045 0.587000
1046 0.548000
1047 0.636000
1048 0.660000
1049 0.588000
1050 0.558000
1051 0.631000
1052 0.569000
1053 0.630000
1054 0.643000
1055 0.558000
1056 0.568000
1057 3.296000
1058 2.310000
1059 1.321000
1060 0.579000
1061 1.428000
1062 0.900000
1063 1.194000
1064 0.724000
1065 0.717000
1066 1.304000
1067 1.043000
1068 1.220000
1069 1.207000
1070 0.714000
1071 1.235000
1072 1.529000
1073 1.222000
1074 1.236000
1075 0.978000
1076 1.008000
1077 1.197000
1078 1.462000
1079 0.965000
1080 0.971000
1081 1.467000
1082 0.914000
1083 1.667000
1084 1.182000
1085 1.679000
1086 1.140000
1087 1.381000
1088 1.118000
1089 0.887000
1090 1.115000
1091 1.111000
1092 1.081000
1093 1.329000
1094 1.047000
1095 1.044000
1096 0.806000
1097 1.041000
1098 1.240000
1099 1.241000
1100 1.237000
1101 0.972000
1102 0.559000
1103 0.365000
1104 0.428000
1105 0.435000
1106 0.515000
1107 0.529000
1108 0.514000
1109 0.445000
1110 0.443000
1111 0.545000
1112 0.582000
1113 0.543000
1114 0.506000
1115 0.502000
1116 0.579000
1117 0.492000
1118 0.478000
1119 0.625000
1120 0.504000
1121 0.614000
1122 0.463000
1123 0.592000
1124 0.547000
1125 0.616000
1126 0.448000
1127 0.578000
1128 0.528000
1129 0.563000
1130 0.490000
1131 0.486000
1132 0.574000
1133 0.527000
1134 0.470000
1135 0.532000
1136 0.493000
1137 0.531000
1138 0.501000
1139 0.496000
1140 0.533000
1141 0.499000
1142 0.530000
1143 0.539000
1144 0.567000
1145 0.533000
1146 0.485000
1147 0.533000
1148 0.577000
1149 0.486000
1150 0.450000
1151 0.563000
1152 0.503000
1153 0.493000
1154 0.461000
1155 0.578000
1156 0.491000
1157 2.277000
1158 1.279000
1159 1.487000
1160 1.222000
1161 1.455000
1162 0.961000
1163 0.941000
1164 1.126000
1165 1.395000
1166 1.406000
1167 1.379000
1168 1.389000
1169 1.363000
1170 1.100000
1171 1.586000
1172 1.603000
1173 1.039000
1174 1.578000
1175 1.537000
1176 1.030000
1177 2.182000
1178 1.724000
1179 1.700000
1180 1.712000
1181 1.704000
1182 1.944000
1183 1.666000
1184 1.188000
1185 0.976000
1186 0.676000
1187 0.405000
1188 0.349000
1189 0.391000
1190 0.397000
1191 0.571000
1192 0.533000
1193 0.519000
1194 0.449000
1195 0.586000
1196 0.502000
1197 0.454000
1198 0.445000
1199 0.506000
1200 0.518000
1201 0.539000
1202 0.540000
1203 0.507000
1204 0.575000
1205 0.541000
1206 0.459000
1207 0.436000
1208 0.566000
1209 0.559000
1210 0.489000
1211 0.501000
1212 0.585000
1213 0.562000
1214 0.495000
1215 0.463000
1216 0.604000
1217 0.571000
1218 0.485000
1219 0.608000
1220 0.582000
1221 0.492000
1222 0.451000
1223 0.515000
1224 0.528000
1225 0.530000
1226 0.493000
1227 0.476000
1228 0.575000
1229 0.493000
1230 0.576000
1231 0.511000
1232 0.524000
1233 0.499000
1234 0.523000
1235 0.511000
1236 0.533000
1237 0.538000
1238 0.461000
1239 0.505000
1240 0.617000
1241 0.489000
1242 0.486000
1243 0.579000
1244 0.581000
1245 0.463000
1246 0.493000
1247 0.577000
1248 0.608000
1249 0.476000
1250 0.452000
1251 0.580000
1252 0.583000
1253 0.487000
1254 0.449000
1255 0.481000
1256 0.451000
1257 3.818000
1258 2.831000
1259 1.845000
1260 1.833000
1261 1.819000
1262 2.021000
1263 1.805000
1264 2.297000
1265 2.514000
1266 2.733000
1267 2.507000
1268 2.741000
1269 2.946000
1270 2.713000
1271 3.199000
1272 2.698000
1273 2.930000
1274 2.684000
1275 2.919000
1276 3.127000
1277 3.387000
1278 3.115000
1279 3.634000
1280 3.600000
1281 3.602000
1282 2.615000
1283 1.627000
1284 0.641000
1285 0.599000
1286 0.479000
1287 0.444000
1288 0.431000
1289 0.395000
1290 0.444000
1291 0.466000
1292 0.510000
1293 0.561000
1294 0.374000
1295 0.587000
1296 0.509000
1297 0.531000
1298 0.466000
1299 0.509000
1300 0.521000
1301 0.492000
1302 0.473000
1303 0.594000
1304 0.569000
1305 0.616000
1306 0.527000
1307 0.602000
1308 0.608000
1309 0.581000
1310 0.536000
1311 0.593000
1312 0.435000
1313 0.487000
1314 0.409000
1315 0.471000
1316 0.531000
1317 0.496000
1318 0.467000
1319 0.475000
1320 0.441000
1321 0.529000
1322 0.495000
1323 0.490000
1324 0.568000
1325 0.536000
1326 0.491000
1327 0.531000
1328 0.534000
1329 0.492000
1330 0.532000
1331 0.450000
1332 0.465000
1333 0.578000
1334 0.568000
1335 0.563000
1336 0.585000
1337 0.577000
1338 0.509000
1339 0.445000
1340 0.536000
1341 0.462000
1342 0.548000
1343 0.532000
1344 0.458000
1345 0.567000
1346 0.565000
1347 0.495000
1348 0.529000
1349 0.538000
1350 0.566000
1351 0.489000
1352 0.571000
1353 0.535000
1354 0.492000
1355 0.533000
1356 0.492000
1357 1.533000
1358 4.947000
1359 3.960000
1360 3.443000
1361 2.910000
1362 2.904000
1363 3.394000
1364 3.602000
1365 3.871000
1366 3.852000
1367 3.845000
1368 3.568000
1369 3.582000
1370 3.336000
1371 2.350000
1372 1.371000
1373 3.535000
1374 3.291000
1375 3.485000
1376 3.231000
1377 2.238000
1378 1.237000
1379 0.749000
1380 4.866000
1381 3.879000
1382 2.891000
1383 1.904000
1384 2.898000
1385 1.913000
1386 0.926000
1387 0.616000
1388 0.595000
1389 0.396000
1390 0.472000
1391 0.490000
1392 0.516000
1393 0.545000
1394 0.486000
1395 0.483000
1396 0.507000
1397 0.578000
1398 0.491000
1399 0.550000
1400 0.517000
1401 0.559000
1402 0.520000
1403 0.492000
1404 0.509000
1405 0.504000
1406 0.531000
1407 0.464000
1408 0.507000
1409 0.530000
1410 0.485000
1411 0.448000
1412 0.515000
1413 0.566000
1414 0.528000
1415 0.627000
1416 0.499000
1417 0.618000
1418 0.550000
1419 0.588000
1420 0.481000
1421 0.615000
1422 0.549000
1423 0.529000
1424 0.520000
1425 0.615000
1426 0.541000
1427 0.527000
1428 0.558000
1429 0.542000
1430 0.525000
1431 0.491000
1432 0.519000
1433 0.525000
1434 0.509000
1435 0.568000
1436 0.564000
1437 0.502000
1438 0.487000
1439 0.456000
1440 0.570000
1441 0.528000
1442 0.533000
1443 0.584000
1444 0.561000
1445 0.504000
1446 0.456000
1447 0.461000
1448 0.510000
1449 0.525000
1450 0.564000
1451 0.485000
1452 0.572000
1453 0.531000
1454 0.486000
1455 0.565000
1456 0.515000
1457 0.519000
1458 5.758000
1459 4.771000
1460 4.265000
1461 4.243000
1462 4.999000
1463 4.980000
1464 4.977000
1465 4.948000
1466 4.957000
1467 4.939000
1468 4.916000
1469 4.908000
1470 4.901000
1471 5.357000
1472 5.083000
1473 5.121000
1474 5.133000
1475 5.131000
1476 5.578000
1477 5.305000
1478 5.358000
1479 5.330000
1480 5.309000
1481 4.322000
1482 3.334000
1483 2.346000
1484 1.357000
1485 0.847000
1486 0.666000
1487 0.339000
1488 0.395000
1489 0.388000
1490 0.379000
1491 0.509000
1492 0.453000
1493 0.470000
1494 0.533000
1495 0.479000
1496 0.481000
1497 0.492000
1498 0.505000
1499 0.507000
1500 0.482000
1501 0.418000
1502 0.436000
1503 0.442000
1504 0.450000
1505 0.465000
1506 0.492000
1507 0.491000
1508 0.511000
1509 0.550000
1510 0.515000
1511 0.411000
1512 0.500000
1513 0.577000
1514 0.530000
1515 0.470000
1516 0.517000
1517 0.527000
1518 0.456000
1519 0.462000
1520 0.405000
1521 0.448000
1522 0.496000
1523 0.507000
1524 0.438000
1525 0.490000
1526 0.486000
1527 0.461000
1528 0.456000
1529 0.456000
1530 0.448000
1531 0.431000
1532 0.455000
1533 0.566000
1534 0.519000
1535 0.547000
1536 0.517000
1537 0.510000
1538 0.529000
1539 0.507000
1540 0.519000
1541 0.527000
1542 0.566000
1543 0.558000
1544 0.577000
1545 0.577000
1546 0.568000
1547 0.555000
1548 0.565000
1549 0.576000
1550 0.576000
1551 0.536000
1552 0.571000
1553 0.536000
1554 0.579000
1555 0.532000
1556 0.454000
1557 0.535000
1558 0.525000
1559 7.630000
1560 6.643000
1561 5.654000
1562 5.634000
1563 5.625000
1564 5.123000
1565 5.129000
1566 5.842000
1567 5.865000
1568 5.825000
1569 6.309000
1570 5.814000
1571 6.530000
1572 5.762000
1573 6.515000
1574 6.508000
1575 6.450000
1576 6.474000
1577 6.494000
1578 6.461000
1579 6.701000
1580 6.725000
1581 5.740000
1582 4.740000
1583 3.740000
1584 2.738000
1585 1.753000
1586 0.925000
1587 0.570000
1588 0.454000
1589 0.467000
1590 0.438000
1591 0.348000
1592 0.421000
1593 0.623000
1594 0.515000
1595 0.605000
1596 0.497000
1597 0.508000
1598 0.485000
1599 0.486000
1600 0.549000
1601 0.516000
1602 0.483000
1603 0.533000
1604 0.498000
1605 0.560000
1606 0.541000
1607 0.463000
1608 0.511000
1609 0.440000
1610 0.532000
1611 0.588000
1612 0.505000
1613 0.475000
1614 0.419000
1615 0.433000
1616 0.440000
1617 0.532000
1618 0.506000
1619 0.490000
1620 0.440000
1621 0.499000
1622 0.504000
1623 0.528000
1624 0.486000
1625 0.463000
1626 0.526000
1627 0.536000
1628 0.471000
1629 0.487000
1630 0.486000
1631 0.495000
1632 0.515000
1633 0.437000
1634 0.526000
1635 0.471000
1636 0.511000
1637 0.522000
1638 0.572000
1639 0.575000
1640 0.522000
1641 0.454000
1642 0.461000
1643 0.587000
1644 0.565000
1645 0.590000
1646 0.570000
1647 0.457000
1648 0.534000
1649 0.469000
1650 0.530000
1651 0.573000
1652 0.528000
1653 0.534000
1654 0.576000
1655 0.529000
1656 0.530000
1657 0.447000
1658 0.531000
1659 0.531000
1660 8.372000
1661 7.372000
1662 6.371000
1663 6.338000
1664 6.323000
1665 6.583000
1666 7.293000
1667 6.992000
1668 6.981000
1669 6.955000
1670 6.452000
1671 6.953000
1672 6.906000
1673 7.128000
1674 7.103000
1675 7.047000
1676 7.057000
1677 7.053000
1678 7.055000
1679 7.551000
1680 7.578000
1681 6.591000
1682 5.604000
1683 4.617000
1684 3.630000
1685 2.642000
1686 1.642000
1687 0.640000
1688 0.586000
1689 0.354000
1690 0.470000
1691 0.516000
1692 0.354000
1693 0.408000
1694 0.578000
1695 0.544000
1696 0.541000
1697 0.544000
1698 0.621000
1699 0.530000
1700 0.483000
1701 0.446000
1702 0.530000
1703 0.529000
1704 0.524000
1705 0.553000
1706 0.502000
1707 0.524000
1708 0.492000
1709 0.538000
1710 0.507000
1711 0.496000
1712 0.451000
1713 0.542000
1714 0.502000
1715 0.520000
1716 0.522000
1717 0.592000
1718 0.512000
1719 0.494000
1720 0.568000
1721 0.462000
1722 0.407000
1723 0.527000
1724 0.438000
1725 0.528000
1726 0.501000
1727 0.500000
1728 0.538000
1729 0.454000
1730 0.523000
1731 0.528000
1732 0.487000
1733 0.538000
1734 0.514000
1735 0.531000
1736 0.489000
1737 0.451000
1738 0.512000
1739 0.529000
1740 0.524000
1741 0.483000
1742 0.408000
1743 0.535000
1744 0.443000
1745 0.527000
1746 0.414000
1747 0.445000
1748 0.480000
1749 0.438000
1750 0.566000
1751 0.511000
1752 0.534000
1753 0.542000
1754 0.507000
1755 0.564000
1756 0.491000
1757 0.484000
1758 0.567000
1759 0.484000
1760 1.455000
1761 9.261000
1762 8.274000
1763 7.286000
1764 7.259000
1765 7.524000
1766 7.763000
1767 7.958000
1768 7.747000
1769 7.943000
1770 7.700000
1771 7.941000
1772 7.711000
1773 7.944000
1774 8.169000
1775 7.917000
1776 8.145000
1777 8.155000
1778 8.842000
1779 8.601000
1780 8.373000
1781 7.382000
1782 6.394000
1783 5.399000
1784 4.411000
1785 3.423000
1786 2.435000
1787 1.449000
1788 0.669000
1789 0.451000
1790 0.387000
1791 0.384000
1792 0.404000
1793 0.462000
1794 0.511000
1795 0.523000
1796 0.568000
1797 0.506000
1798 0.478000
1799 0.496000
1800 0.491000
1801 0.509000
1802 0.531000
1803 0.486000
1804 0.560000
1805 0.471000
1806 0.521000
1807 0.532000
1808 0.529000
1809 0.465000
1810 0.552000
1811 0.480000
1812 0.503000
1813 0.487000
1814 0.524000
1815 0.574000
1816 0.533000
1817 0.470000
1818 0.478000
1819 0.486000
1820 0.505000
1821 0.438000
1822 0.536000
1823 0.488000
1824 0.497000
1825 0.563000
1826 0.524000
1827 0.533000
1828 0.532000
1829 0.567000
1830 0.536000
1831 0.499000
1832 0.494000
1833 0.575000
1834 0.458000
1835 0.568000
1836 0.529000
1837 0.565000
1838 0.471000
1839 0.580000
1840 0.575000
1841 0.531000
1842 0.627000
1843 0.564000
1844 0.703000
1845 0.595000
1846 0.619000
1847 0.541000
1848 0.645000
1849 0.566000
1850 0.531000
1851 0.578000
1852 0.555000
1853 0.576000
1854 0.695000
1855 0.531000
1856 0.581000
1857 0.538000
1858 0.571000
1859 0.562000
1860 0.533000
1861 10.356000
1862 9.595000
1863 8.595000
1864 8.590000
1865 8.585000
1866 8.533000
1867 8.784000
1868 8.983000
1869 8.717000
1870 8.953000
1871 9.184000
1872 8.911000
1873 9.116000
1874 8.868000
1875 9.088000
1876 9.090000
1877 9.061000
1878 9.815000
1879 9.339000
1880 8.353000
1881 7.366000
1882 6.379000
1883 5.393000
1884 4.414000
1885 3.434000
1886 2.446000
1887 1.458000
1888 0.901000
1889 0.514000
1890 0.575000
1891 0.489000
1892 0.587000
1893 0.421000
1894 0.517000
1895 0.482000
1896 0.525000
1897 0.541000
1898 0.457000
1899 0.515000
1900 0.573000
1901 0.537000
1902 0.482000
1903 0.512000
1904 0.530000
1905 0.535000
1906 0.454000
1907 0.658000
1908 0.535000
1909 0.564000
1910 0.519000
1911 0.549000
1912 0.503000
1913 0.580000
1914 0.523000
1915 0.548000
1916 0.541000
1917 0.517000
1918 0.568000
1919 0.528000
1920 0.609000
1921 0.530000
1922 0.572000
1923 0.572000
1924 0.601000
1925 0.537000
1926 0.513000
1927 0.532000
1928 0.525000
1929 0.532000
1930 0.530000
1931 0.525000
1932 0.576000
1933 0.572000
1934 0.568000
1935 0.533000
1936 0.525000
1937 0.533000
1938 0.572000
1939 0.571000
1940 0.527000
1941 0.532000
1942 0.570000
1943 0.579000
1944 0.531000
1945 0.528000
1946 0.580000
1947 0.534000
1948 0.533000
1949 0.529000
1950 0.617000
1951 0.580000
1952 0.531000
1953 0.536000
1954 0.581000
1955 0.532000
1956 0.584000
1957 0.540000
1958 0.494000
1959 0.511000
1960 0.478000
1961 1.521000
1962 11.289000
1963 10.302000
1964 9.826000
1965 9.816000
1966 9.776000
1967 9.799000
1968 10.020000
1969 10.015000
1970 9.986000
1971 9.984000
1972 9.981000
1973 9.968000
1974 9.934000
1975 10.688000
1976 10.201000
1977 10.679000
1978 10.694000
1979 10.458000
1980 9.474000
1981 8.487000
1982 7.499000
1983 6.512000
1984 5.526000
1985 4.539000
1986 3.553000
1987 2.567000
1988 1.616000
1989 0.630000
1990 0.616000
1991 0.420000
1992 0.443000
1993 0.415000
1994 0.418000
1995 0.428000
1996 0.447000
1997 0.485000
1998 0.458000
1999 0.463000
2000 0.527000
2001 0.495000
2002 0.504000
2003 0.442000
2004 0.496000
2005 0.532000
2006 0.503000
2007 0.452000
2008 0.534000
2009 0.529000
2010 0.533000
2011 0.406000
2012 0.465000
2013 0.496000
2014 0.496000
2015 0.466000
2016 0.491000
2017 0.502000
2018 0.503000
2019 0.459000
2020 0.493000
2021 0.492000
2022 0.528000
2023 0.458000
2024 0.500000
2025 0.497000
2026 0.529000
2027 0.468000
2028 0.493000
2029 0.489000
2030 0.496000
2031 0.454000
2032 0.531000
2033 0.527000
2034 0.481000
2035 0.459000
2036 0.534000
2037 0.509000
2038 0.578000
2039 0.459000
2040 0.586000
2041 0.590000
2042 0.530000
2043 0.492000
2044 0.531000
2045 0.534000
2046 0.532000
2047 0.452000
2048 0.567000
2049 0.531000
2050 0.589000
2051 0.459000
2052 0.531000
2053 0.533000
2054 0.568000
2055 0.529000
2056 0.536000
2057 0.528000
2058 0.535000
2059 0.532000
2060 0.562000
2061 0.535000
2062 12.452000
2063 11.455000
2064 10.455000
2065 10.679000
2066 11.065000
2067 10.594000
2068 11.039000
2069 11.046000
2070 10.995000
2071 11.016000
2072 11.206000
2073 11.203000
2074 11.679000
2075 11.679000
2076 11.144000
2077 11.579000
2078 11.364000
2079 10.333000
2080 9.336000
2081 8.350000
2082 7.357000
2083 6.358000
2084 5.355000
2085 4.365000
2086 3.375000
2087 2.385000
2088 1.374000
2089 0.833000
2090 0.672000
2091 0.392000
2092 0.453000
2093 0.379000
2094 0.378000
2095 0.391000
2096 0.505000
2097 0.491000
2098 0.458000
2099 0.415000
2100 0.591000
2101 0.594000
2102 0.528000
2103 0.418000
2104 0.580000
2105 0.593000
2106 0.587000
2107 0.458000
2108 0.476000
2109 0.456000
2110 0.571000
2111 0.581000
2112 0.531000
2113 0.529000
2114 0.490000
2115 0.488000
2116 0.563000
2117 0.533000
2118 0.492000
2119 0.488000
2120 0.586000
2121 0.584000
2122 0.535000
2123 0.568000
2124 0.446000
2125 0.478000
2126 0.471000
2127 0.486000
2128 0.520000
2129 0.530000
2130 0.511000
2131 0.519000
2132 0.496000
2133 0.521000
2134 0.502000
2135 0.445000
2136 0.570000
2137 0.569000
2138 0.502000
2139 0.457000
2140 0.576000
2141 0.578000
2142 0.497000
2143 0.515000
2144 0.584000
2145 0.575000
2146 0.482000
2147 0.573000
2148 0.533000
2149 0.527000
2150 0.505000
2151 0.475000
2152 0.568000
2153 0.531000
2154 0.480000
2155 0.460000
2156 0.569000
2157 0.523000
2158 0.499000
2159 0.490000
2160 0.568000
2161 0.497000
2162 5.186000
2163 13.299000
2164 12.313000
2165 11.795000
2166 11.784000
2167 11.760000
2168 12.458000
2169 12.237000
2170 12.461000
2171 12.260000
2172 12.455000
2173 12.452000
2174 12.424000
2175 12.439000
2176 12.403000
2177 12.416000
2178 12.203000
2179 11.218000
2180 10.231000
2181 9.244000
2182 8.256000
2183 7.268000
2184 6.281000
2185 5.280000
2186 4.281000
2187 3.279000
2188 2.279000
2189 1.278000
2190 0.730000
2191 0.398000
2192 0.377000
2193 0.333000
2194 0.339000
2195 0.399000
2196 0.525000
2197 0.470000
2198 0.511000
2199 0.456000
2200 0.465000
2201 0.482000
2202 0.487000
2203 0.494000
2204 0.510000
2205 0.504000
2206 0.516000
2207 0.491000
2208 0.504000
2209 0.515000
2210 0.612000
2211 0.533000
2212 0.584000
2213 0.483000
2214 0.570000
2215 0.501000
2216 0.518000
2217 0.528000
2218 0.528000
2219 0.551000
2220 0.521000
2221 0.513000
2222 0.492000
2223 0.499000
2224 0.556000
2225 0.560000
2226 0.524000
2227 0.497000
2228 0.440000
2229 0.566000
2230 0.528000
2231 0.513000
2232 0.461000
2233 0.490000
2234 0.502000
2235 0.581000
2236 0.458000
2237 0.576000
2238 0.536000
2239 0.533000
2240 0.467000
2241 0.530000
2242 0.508000
2243 0.580000
2244 0.471000
2245 0.576000
2246 0.527000
2247 0.509000
2248 0.466000
2249 0.528000
2250 0.526000
2251 0.579000
2252 0.462000
2253 0.575000
2254 0.488000
2255 0.498000
2256 0.474000
2257 0.529000
2258 0.525000
2259 0.498000
2260 0.467000
2261 0.569000
2262 5.949000
2263 14.279000
2264 13.278000
2265 12.517000
2266 12.715000
2267 12.924000
2268 12.957000
2269 12.917000
2270 12.678000
2271 12.687000
2272 12.915000
2273 13.382000
2274 13.133000
2275 13.604000
2276 13.353000
2277 13.067000
2278 12.077000
2279 11.091000
2280 10.059000
2281 9.032000
2282 8.042000
2283 7.053000
2284 6.062000
2285 5.072000
2286 4.076000
2287 3.080000
2288 2.083000
2289 1.090000
2290 0.835000
2291 0.417000
2292 0.370000
2293 0.494000
2294 0.452000
2295 0.459000
2296 0.494000
2297 0.567000
2298 0.585000
2299 0.467000
2300 0.422000
2301 0.587000
2302 0.590000
2303 0.502000
2304 0.455000
2305 0.533000
2306 0.568000
2307 0.583000
2308 0.534000
2309 0.528000
2310 0.539000
2311 0.492000
2312 0.529000
2313 0.488000
2314 0.533000
2315 0.492000
2316 0.596000
2317 0.560000
2318 0.534000
2319 0.476000
2320 0.579000
2321 0.546000
2322 0.536000
2323 0.486000
2324 0.575000
2325 0.501000
2326 0.460000
2327 0.460000
2328 0.533000
2329 0.504000
2330 0.536000
2331 0.490000
2332 0.464000
2333 0.538000
2334 0.531000
2335 0.542000
2336 0.467000
2337 0.487000
2338 0.572000
2339 0.493000
2340 0.460000
2341 0.534000
2342 0.531000
2343 0.525000
2344 0.458000
2345 0.528000
2346 0.535000
2347 0.489000
2348 0.533000
2349 0.493000
2350 0.565000
2351 0.494000
2352 0.462000
2353 0.563000
2354 0.529000
2355 0.575000
2356 0.494000
2357 0.488000
2358 0.580000
2359 0.505000
2360 0.459000
2361 0.536000
2362 0.533000
2363 15.425000
2364 14.424000
2365 13.431000
2366 13.378000
2367 13.360000
2368 14.068000
2369 14.018000
2370 14.015000
2371 13.989000
2372 13.983000
2373 13.962000
2374 13.960000
2375 14.111000
2376 14.465000
2377 13.464000
2378 12.451000
2379 11.448000
2380 10.456000
2381 9.465000
2382 8.443000
2383 7.457000
2384 6.471000
2385 5.482000
2386 4.492000
2387 3.503000
2388 2.513000
2389 1.518000
2390 0.604000
2391 0.466000
2392 0.485000
2393 0.515000
2394 0.440000
2395 0.510000
2396 0.431000
2397 0.515000
2398 0.622000
2399 0.547000
2400 0.510000
2401 0.543000
2402 0.535000
2403 0.530000
2404 0.456000
2405 0.626000
2406 0.641000
2407 0.575000
2408 0.652000
2409 0.561000
2410 0.572000
2411 0.504000
2412 0.526000
2413 0.528000
2414 0.532000
2415 0.507000
2416 0.435000
2417 0.508000
2418 0.535000
2419 0.529000
2420 0.499000
2421 0.531000
2422 0.529000
2423 0.523000
2424 0.481000
2425 0.602000
2426 0.532000
2427 0.504000
2428 0.584000
2429 0.566000
2430 0.526000
2431 0.487000
2432 0.440000
2433 0.506000
2434 0.530000
2435 0.534000
2436 0.465000
2437 0.569000
2438 0.530000
2439 0.521000
2440 0.551000
2441 0.505000
2442 0.501000
2443 0.542000
2444 0.500000
2445 0.531000
2446 0.525000
2447 0.502000
2448 0.581000
2449 0.556000
2450 0.538000
2451 0.486000
2452 0.581000
2453 0.568000
2454 0.526000
2455 0.512000
2456 0.436000
2457 0.496000
2458 0.598000
2459 0.526000
2460 0.458000
2461 0.532000
2462 0.532000
2463 8.329000
2464 15.720000
2465 14.735000
2466 14.473000
2467 14.437000
2468 14.194000
2469 14.164000
2470 14.863000
2471 14.622000
2472 14.343000
2473 14.360000
2474 14.842000
2475 14.340000
2476 15.056000
2477 14.070000
2478 13.083000
2479 12.096000
2480 11.111000
2481 10.124000
2482 9.137000
2483 8.149000
2484 7.163000
2485 6.152000
2486 5.168000
2487 4.180000
2488 3.192000
2489 2.207000
2490 1.220000
2491 0.708000
2492 0.392000
2493 0.400000
2494 0.402000
2495 0.383000
2496 0.419000
2497 0.493000
2498 0.498000
2499 0.532000
2500 0.457000
2501 0.472000
2502 0.500000
2503 0.494000
2504 0.469000
2505 0.540000
2506 0.424000
2507 0.436000
2508 0.448000
2509 0.491000
2510 0.579000
2511 0.556000
2512 0.457000
2513 0.580000
2514 0.511000
2515 0.473000
2516 0.539000
2517 0.459000
2518 0.469000
2519 0.553000
2520 0.462000
2521 0.471000
2522 0.524000
2523 0.490000
2524 0.521000
2525 0.474000
2526 0.445000
2527 0.550000
2528 0.507000
2529 0.452000
2530 0.572000
2531 0.496000
2532 0.492000
2533 0.491000
2534 0.527000
2535 0.447000
2536 0.546000
2537 0.469000
2538 0.567000
2539 0.509000
2540 0.500000
2541 0.476000
2542 0.542000
2543 0.455000
2544 0.569000
2545 0.522000
2546 0.494000
2547 0.556000
2548 0.507000
2549 0.476000
2550 0.527000
2551 0.527000
2552 0.569000
2553 0.494000
2554 0.582000
2555 0.586000
2556 0.500000
2557 0.466000
2558 0.498000
2559 0.499000
2560 0.561000
2561 0.474000
2562 0.579000
2563 0.582000
2564 12.398000
2565 16.069000
2566 15.069000
2567 15.223000
2568 15.234000
2569 15.227000
2570 15.208000
2571 15.663000
2572 15.662000
2573 15.631000
2574 15.623000
2575 15.090000
2576 15.613000
2577 14.615000
2578 13.615000
2579 12.624000
2580 11.622000
2581 10.580000
2582 9.584000
2583 8.585000
2584 7.587000
2585 6.591000
2586 5.599000
2587 4.607000
2588 3.619000
2589 2.631000
2590 1.629000
2591 0.811000
2592 0.423000
2593 0.412000
2594 0.454000
2595 0.417000
2596 0.375000
2597 0.405000
2598 0.576000
2599 0.559000
2600 0.528000
2601 0.465000
2602 0.602000
2603 0.542000
2604 0.496000
2605 0.433000
2606 0.526000
2607 0.535000
2608 0.540000
2609 0.484000
2610 0.497000
2611 0.544000
2612 0.527000
2613 0.558000
2614 0.530000
2615 0.535000
2616 0.563000
2617 0.488000
2618 0.564000
2619 0.527000
2620 0.495000
2621 0.515000
2622 0.495000
2623 0.612000
2624 0.537000
2625 0.483000
2626 0.515000
2627 0.532000
2628 0.525000
2629 0.556000
2630 0.495000
2631 0.575000
2632 0.514000
2633 0.437000
2634 0.541000
2635 0.538000
2636 0.595000
2637 0.509000
2638 0.491000
2639 0.535000
2640 0.518000
2641 0.517000
2642 0.513000
2643 0.602000
2644 0.497000
2645 0.446000
2646 0.584000
2647 0.530000
2648 0.604000
2649 0.535000
2650 0.503000
2651 0.573000
2652 0.539000
2653 0.462000
2654 0.530000
2655 0.527000
2656 0.528000
2657 0.505000
2658 0.515000
2659 0.561000
2660 0.512000
2661 0.464000
2662 0.507000
2663 0.531000
2664 5.278000
2665 17.313000
2666 16.327000
2667 15.802000
2668 15.309000
2669 15.819000
2670 16.014000
2671 16.518999
2672 16.018000
2673 16.009001
2674 16.009001
2675 16.004999
2676 16.271999
2677 15.287000
2678 14.299000
2679 13.311000
2680 12.324000
2681 11.335000
2682 10.346000
2683 9.361000
2684 8.373000
2685 7.387000
2686 6.399000
2687 5.410000
2688 4.408000
2689 3.420000
2690 2.432000
2691 1.444000
2692 0.604000
2693 0.440000
2694 0.454000
2695 0.463000
2696 0.416000
2697 0.341000
2698 0.454000
2699 0.491000
2700 0.527000
2701 0.440000
2702 0.485000
2703 0.525000
2704 0.539000
2705 0.461000
2706 0.472000
2707 0.547000
2708 0.435000
2709 0.466000
2710 0.445000
2711 0.459000
2712 0.472000
2713 0.473000
2714 0.478000
2715 0.508000
2716 0.474000
2717 0.475000
2718 0.575000
2719 0.509000
2720 0.512000
2721 0.522000
2722 0.468000
2723 0.499000
2724 0.487000
2725 0.494000
2726 0.409000
2727 0.547000
2728 0.505000
2729 0.517000
2730 0.486000
2731 0.535000
2732 0.487000
2733 0.563000
2734 0.461000
2735 0.532000
2736 0.489000
2737 0.510000
2738 0.505000
2739 0.529000
2740 0.595000
2741 0.535000
2742 0.443000
2743 0.592000
2744 0.488000
2745 0.513000
2746 0.495000
2747 0.497000
2748 0.577000
2749 0.494000
2750 0.464000
2751 0.530000
2752 0.534000
2753 0.577000
2754 0.519000
2755 0.513000
2756 0.564000
2757 0.585000
2758 0.447000
2759 0.498000
2760 0.591000
2761 0.530000
2762 0.459000
2763 0.496000
2764 2.665000
2765 18.361000
2766 17.372000
2767 16.617001
2768 16.066000
2769 16.299000
2770 16.534000
2771 16.782000
2772 16.764999
2773 17.000000
2774 17.381001
2775 16.600000
2776 16.193001
2777 15.191000
2778 14.196000
2779 13.193000
2780 12.180000
2781 11.181000
2782 10.182000
2783 9.184000
2784 8.161000
2785 7.166000
2786 6.171000
2787 5.180000
2788 4.190000
2789 3.200000
2790 2.206000
2791 1.195000
2792 0.613000
2793 0.478000
2794 0.418000
2795 0.442000
2796 0.368000
2797 0.409000
2798 0.443000
2799 0.598000
2800 0.575000
2801 0.465000
2802 0.448000
2803 0.587000
2804 0.589000
2805 0.594000
2806 0.532000
2807 0.567000
2808 0.532000
2809 0.529000
2810 0.539000
2811 0.618000
2812 0.560000
2813 0.593000
2814 0.472000
2815 0.535000
2816 0.531000
2817 0.502000
2818 0.446000
2819 0.528000
2820 0.525000
2821 0.499000
2822 0.410000
2823 0.601000
2824 0.566000
2825 0.496000
2826 0.460000
2827 0.533000
2828 0.468000
2829 0.471000
2830 0.460000
2831 0.489000
2832 0.505000
2833 0.494000
2834 0.438000
2835 0.501000
2836 0.497000
2837 0.536000
2838 0.469000
2839 0.536000
2840 0.597000
2841 0.488000
2842 0.498000
2843 0.537000
2844 0.532000
2845 0.538000
2846 0.466000
2847 0.535000
2848 0.588000
2849 0.571000
2850 0.566000
2851 0.544000
2852 0.526000
2853 0.530000
2854 0.460000
2855 0.569000
2856 0.497000
2857 0.529000
2858 0.445000
2859 0.473000
2860 0.491000
2861 0.504000
2862 0.465000
2863 0.563000
2864 0.564000
2865 17.674999
2866 18.163000
2867 17.171000
2868 16.906000
2869 17.073000
2870 16.895000
2871 17.802000
2872 17.524000
2873 16.989000
2874 17.518000
2875 17.534000
2876 16.537001
2877 15.536000
2878 14.541000
2879 13.544000
2880 12.549000
2881 11.552000
2882 10.557000
2883 9.566000
2884 8.569000
2885 7.580000
2886 6.583000
2887 5.593000
2888 4.597000
2889 3.614000
2890 2.602000
2891 1.608000
2892 0.706000
2893 0.422000
2894 0.456000
2895 0.556000
2896 0.450000
2897 0.430000
2898 0.448000
2899 0.560000
2900 0.572000
2901 0.566000
2902 0.461000
2903 0.581000
2904 0.578000
2905 0.536000
2906 0.562000
2907 0.532000
2908 0.533000
2909 0.500000
2910 0.465000
2911 0.491000
2912 0.495000
2913 0.656000
2914 0.462000
2915 0.540000
2916 0.712000
2917 0.542000
2918 0.575000
2919 0.605000
2920 0.587000
2921 0.576000
2922 0.598000
2923 0.638000
2924 0.561000
2925 0.516000
2926 0.541000
2927 0.691000
2928 0.585000
2929 0.452000
2930 0.460000
2931 0.571000
2932 0.459000
2933 0.537000
2934 0.415000
2935 0.620000
2936 0.696000
2937 0.582000
2938 0.545000
2939 0.620000
2940 0.660000
2941 0.547000
2942 0.533000
2943 0.581000
2944 0.653000
2945 0.564000
2946 0.583000
2947 0.599000
2948 0.641000
2949 0.544000
2950 0.568000
2951 0.606000
2952 0.653000
2953 0.533000
2954 0.607000
2955 0.547000
2956 0.532000
2957 0.527000
2958 0.486000
2959 0.545000
2960 0.523000
2961 0.500000
2962 0.479000
2963 0.472000
2964 0.559000
2965 0.543000
2966 10.147000
2967 9.161000
2968 8.173000
2969 7.916000
2970 10.359000
2971 9.372000
2972 8.386000
2973 7.398000
















































































































































































































































































































































































































































































































































































































































































































































































































































































































































































































































































4014 2.076000
4015 1.106000
4016 0.770000
4017 1.004000
4018 1.000000
4019 0.994000
4020 1.018000
4021 1.019000
4022 1.009000
4023 0.944000
4024 1.086000
4025 1.089000
4026 1.014000
4027 0.948000
4028 0.888000
4029 0.983000
4030 0.851000
4031 0.767000
4032 0.926000
4033 0.904000
4034 0.779000
4035 0.829000
4036 0.824000
4037 0.925000
4038 0.883000
4039 0.842000
4040 0.846000
4041 0.843000
4042 0.898000
4043 0.851000
4044 0.898000
4045 0.857000
4046 0.862000
4047 0.833000
4048 0.867000
4049 0.895000
4050 0.878000
4051 0.795000
4052 0.791000
4053 0.899000
4054 0.802000
4055 0.822000
4056 0.843000
4057 0.852000
4058 0.822000
4059 0.856000
4060 0.873000
4061 0.888000
4062 0.903000
4063 0.879000
4064 0.899000
4065 0.829000
4066 0.795000
4067 0.950000
4068 0.939000
4069 0.958000
4070 0.809000
4071 0.828000
4072 0.862000
4073 0.874000
4074 0.797000
4075 0.733000
4076 0.809000
4077 0.903000
4078 0.794000
4079 0.802000
4080 0.833000
4081 0.842000
4082 0.799000
4083 0.799000
4084 0.827000
4085 0.851000
4086 0.938000
4087 0.906000
4088 0.883000
4089 0.892000
4090 0.824000
4091 0.824000
4092 0.902000
4093 0.934000
4094 0.902000
4095 0.859000
4096 0.812000
4097 0.796000
4098 0.813000
4099 0.840000
4100 0.824000
4101 0.863000
4102 0.850000
4103 0.818000
4104 0.864000
4105 0.895000
4106 0.887000
4107 0.930000
4108 0.806000
4109 0.856000
4110 0.829000
4111 0.839000
4112 0.848000
4113 0.873000
4114 0.873000
4115 0.882000
4116 0.816000
4117 0.950000
4118 0.918000
4119 0.848000
4120 0.817000
4121 0.872000
4122 0.883000
4123 0.895000
4124 0.906000
4125 0.915000
4126 0.927000
4127 1.002000
4128 0.915000
4129 0.750000
4130 0.757000
4131 0.726000
4132 0.836000
4133 0.835000
4134 0.905000
4135 0.866000
4136 0.898000
4137 0.841000
4138 0.842000
4139 0.817000
4140 0.809000
4141 0.846000
4142 0.856000
4143 0.934000
4144 0.910000
4145 0.914000
4146 0.916000
4147 0.812000
4148 0.865000
4149 0.867000
4150 0.899000
4151 0.900000
4152 0.902000
4153 0.850000
4154 0.915000
4155 0.903000
4156 0.890000
4157 0.876000
4158 0.897000
4159 0.904000
4160 0.817000
4161 0.916000
4162 0.902000
4163 0.897000
4164 0.876000
4165 0.877000
4166 0.833000
4167 0.785000
4168 0.891000
4169 0.902000
4170 0.912000
4171 0.956000
4172 0.902000
4173 0.953000
4174 0.943000
4175 0.895000
4176 0.923000
4177 0.881000
4178 0.884000
4179 0.936000
4180 0.901000
4181 0.885000
4182 0.889000
4183 0.879000
4184 0.936000
4185 0.934000
4186 0.932000
4187 0.919000
4188 0.903000
4189 0.900000
4190 0.862000
4191 0.804000
4192 0.815000
4193 0.943000
4194 0.945000
4195 0.905000
4196 0.883000
4197 0.880000
4198 0.945000
4199 0.863000
4200 0.917000
4201 0.945000
4202 0.921000
4203 0.969000
4204 0.881000
4205 0.880000
4206 0.917000
4207 0.872000
4208 0.875000
4209 0.877000
4210 0.947000
4211 0.967000
4212 0.812000
4213 0.933000
4214 0.963000
4215 0.909000
4216 0.840000
4217 0.916000
4218 0.970000
4219 0.954000
4220 0.943000
4221 0.903000
4222 0.975000
4223 0.914000
4224 0.804000
4225 0.949000
4226 0.942000
4227 0.900000
4228 0.907000
4229 0.874000
4230 0.929000
4231 0.950000
4232 0.953000
4233 0.915000
4234 0.905000
4235 0.971000
4236 0.893000
4237 0.979000
4238 0.929000
4239 0.844000
4240 0.819000
4241 0.883000
4242 0.844000
4243 0.975000
4244 0.905000
4245 0.949000
4246 0.842000
4247 0.778000
4248 0.794000
4249 0.946000
4250 0.921000
4251 0.897000
4252 0.945000
4253 0.946000
4254 0.959000
4255 0.890000
4256 0.939000
4257 0.966000
4258 0.969000
4259 0.850000
4260 0.952000
4261 0.944000
4262 0.939000
4263 0.860000
4264 0.891000
4265 0.960000
4266 0.851000
4267 0.868000
4268 0.835000
4269 0.836000
4270 0.913000
4271 0.865000
4272 0.880000
4273 0.952000
4274 0.952000
4275 0.851000
4276 0.835000
4277 0.838000
4278 0.853000
4279 0.880000
4280 0.917000
4281 1.020000
4282 0.838000
4283 0.932000
4284 0.817000
4285 0.816000
4286 0.784000
4287 0.821000
4288 0.906000
4289 0.831000
4290 0.856000
4291 0.875000
4292 0.848000
4293 0.889000
4294 0.930000
4295 0.886000
4296 0.921000
4297 0.867000
4298 0.878000
4299 0.873000
4300 0.840000
4301 0.907000
4302 0.845000
4303 0.807000
4304 0.846000
4305 0.860000
4306 0.877000
4307 0.878000
4308 0.853000
4309 0.853000
4310 0.855000
4311 0.821000
4312 0.849000
4313 0.806000
4314 0.849000
4315 0.898000
4316 0.904000
4317 0.812000
4318 0.941000
4319 0.876000
4320 0.976000
4321 0.850000
4322 0.827000
4323 0.827000
4324 0.885000
4325 0.823000
4326 0.815000
4327 0.698000
4328 0.796000
4329 0.827000
4330 0.827000
4331 0.835000
4332 0.809000
4333 0.814000
4334 0.837000
4335 0.809000
4336 0.811000
4337 0.858000
4338 0.867000
4339 0.860000
4340 0.844000
4341 0.761000
4342 0.851000
4343 0.878000
4344 0.836000
4345 0.926000
4346 0.827000
4347 0.861000
4348 0.843000
4349 0.914000
4350 0.883000
4351 0.899000
4352 0.868000
4353 0.899000
4354 0.882000
4355 0.877000
4356 0.879000
4357 0.902000
4358 0.870000
4359 0.841000
4360 0.824000
4361 0.846000
4362 0.848000
4363 0.766000
4364 0.832000
4365 0.708000
4366 0.729000
4367 0.828000
4368 0.890000
4369 0.835000
4370 0.888000
4371 0.836000
4372 0.946000
4373 0.820000
4374 0.844000
4375 0.791000
4376 0.830000
4377 0.809000
4378 0.873000
4379 0.814000
4380 0.848000
4381 0.859000
4382 0.930000
4383 0.889000
4384 0.913000
4385 0.933000
4386 0.925000
4387 0.925000
4388 0.892000
4389 0.901000
4390 0.914000
4391 0.786000
4392 0.905000
4393 0.923000
4394 0.945000
4395 0.914000
4396 0.897000
4397 0.898000
4398 0.891000
4399 0.855000
4400 0.872000
4401 0.905000
4402 0.907000
4403 0.937000
4404 0.884000
4405 0.888000
4406 0.910000
4407 0.868000
4408 0.869000
4409 0.973000
4410 0.908000
4411 0.834000
4412 0.901000
4413 0.906000
4414 0.976000
4415 0.768000
4416 0.824000
4417 0.909000
4418 0.984000
4419 0.985000
4420 0.961000
4421 0.901000
4422 0.853000
4423 0.898000
4424 0.893000
4425 0.904000
4426 0.865000
4427 0.914000
4428 0.873000
4429 0.867000
4430 0.883000
4431 0.932000
4432 0.836000
4433 0.927000
4434 0.882000
4435 0.924000
4436 0.878000
4437 0.872000
4438 0.893000
4439 0.900000
4440 0.789000
4441 0.789000
4442 0.774000
4443 0.861000
4444 0.820000
4445 0.845000
4446 0.849000
4447 0.851000
4448 0.863000
4449 0.906000
4450 0.908000
4451 0.873000
4452 0.899000
4453 0.818000
4454 0.933000
4455 0.889000
4456 0.902000
4457 0.941000
4458 0.938000
4459 0.941000
4460 0.925000
4461 0.938000
4462 0.953000
4463 0.925000
4464 0.941000
4465 0.783000
4466 0.785000
4467 0.834000
4468 0.956000
4469 0.835000
4470 0.889000
4471 0.793000
4472 0.862000
4473 0.906000
4474 0.909000
4475 0.821000
4476 0.898000
4477 0.874000
4478 0.876000
4479 0.886000
4480 0.904000
4481 0.899000
4482 0.887000
4483 0.940000
4484 0.886000
4485 0.885000
4486 0.886000
4487 0.917000
4488 0.916000
4489 0.869000
4490 0.854000
4491 0.866000
4492 0.883000
4493 0.885000
4494 0.888000
4495 0.895000
4496 0.813000
4497 0.906000
4498 0.907000
4499 0.911000
4500 0.922000
4501 0.798000
4502 0.925000
4503 0.972000
4504 0.813000
4505 0.866000
4506 0.948000
4507 0.907000
4508 0.911000
4509 0.817000
4510 0.831000
4511 0.837000
4512 0.808000
4513 0.855000
4514 0.858000
4515 0.881000
4516 0.885000
4517 0.904000
4518 0.894000
4519 0.902000
4520 0.874000
4521 0.863000
4522 0.836000
4523 0.869000
4524 0.912000
4525 0.868000
4526 0.906000
4527 0.952000
4528 0.876000
4529 0.939000
4530 0.883000
4531 0.934000
4532 0.888000
4533 0.840000
4534 0.782000
4535 0.907000
4536 0.873000
4537 0.859000
4538 0.863000
4539 0.870000
4540 0.871000
4541 0.862000
4542 0.869000
4543 0.873000
4544 0.842000
4545 0.853000
4546 0.855000
4547 0.858000
4548 0.901000
4549 0.907000
4550 0.895000
4551 0.898000
4552 0.866000
4553 0.844000
4554 0.909000
4555 0.910000
4556 0.858000
4557 0.907000
4558 0.844000
4559 0.916000
4560 0.817000
4561 0.943000
4562 0.901000
4563 0.909000
4564 0.895000
4565 0.905000
4566 0.862000
4567 0.863000
4568 0.836000
4569 0.863000
4570 0.864000
4571 0.871000
4572 0.876000
4573 0.868000
4574 0.863000
4575 0.914000
4576 0.871000
4577 0.861000
4578 0.899000
4579 0.889000
4580 0.892000
4581 0.903000
4582 0.903000
4583 0.856000
4584 0.873000
4585 0.898000
4586 0.899000
4587 0.936000
4588 0.931000
4589 0.846000
4590 0.848000
4591 0.854000
4592 0.898000
4593 0.923000
4594 0.849000
4595 0.805000
4596 0.916000
4597 0.854000
4598 0.855000
4599 0.842000
4600 0.832000
4601 0.860000
4602 0.875000
4603 0.876000
4604 0.882000
4605 0.856000
4606 0.898000
4607 0.857000
4608 0.870000
4609 0.924000
4610 0.921000
4611 0.920000
4612 0.921000
4613 0.841000
4614 0.902000
4615 0.947000
4616 0.902000
4617 0.833000
4618 0.838000
4619 0.910000
4620 0.845000
4621 0.900000
4622 0.825000
4623 0.955000
4624 0.896000
4625 0.840000
4626 0.876000
4627 0.847000
4628 0.886000
4629 0.906000
4630 0.853000
4631 0.842000
4632 0.823000
4633 0.854000
4634 0.860000
4635 0.846000
4636 0.903000
4637 0.905000
4638 0.899000
4639 0.859000
4640 0.870000
4641 0.845000
4642 0.909000
4643 0.879000
4644 0.916000
4645 0.909000
4646 0.892000
4647 0.940000
4648 0.915000
4649 0.956000
4650 0.906000
4651 0.955000
4652 0.842000
4653 0.906000
4654 0.830000
4655 0.957000
4656 0.853000
4657 0.863000
4658 0.868000
4659 0.872000
4660 0.963000
4661 0.850000
4662 0.923000
4663 0.849000
4664 0.854000
4665 0.855000
4666 0.918000
4667 0.876000
4668 0.923000
4669 0.851000
4670 0.861000
4671 0.911000
4672 0.866000
4673 0.915000
4674 0.887000
4675 0.922000
4676 0.920000
4677 0.901000
4678 0.893000
4679 0.944000
4680 0.877000
4681 0.839000
4682 0.848000
4683 0.847000
4684 0.852000
4685 0.866000
4686 0.834000
4687 0.854000
4688 0.841000
4689 0.875000
4690 0.853000
4691 0.858000
4692 0.860000
4693 0.874000
4694 0.873000
4695 0.877000
4696 0.896000
4697 0.906000
4698 0.907000
4699 0.868000
4700 0.873000
4701 0.859000
4702 0.843000
4703 0.916000
4704 0.887000
4705 0.869000
4706 0.838000
4707 0.790000
4708 0.918000
4709 0.873000
4710 0.845000
4711 0.830000
4712 0.833000
4713 0.947000
4714 0.897000
4715 0.894000
4716 0.890000
4717 0.838000
4718 0.879000
4719 0.970000
4720 0.847000
4721 0.866000
4722 0.870000
4723 0.874000
4724 0.877000
4725 0.914000
4726 0.961000
4727 0.919000
4728 0.894000
4729 0.900000
4730 0.892000
4731 0.889000
4732 0.938000
4733 0.919000
4734 0.924000
4735 0.928000
4736 0.902000
4737 0.916000
4738 0.920000
4739 0.865000
4740 0.889000
4741 0.904000
4742 0.820000
4743 0.845000
4744 0.872000
4745 0.850000
4746 0.857000
4747 0.858000
4748 0.860000
4749 0.916000
4750 0.880000
4751 0.799000
4752 0.879000
4753 0.862000
4754 0.868000
4755 0.849000
4756 0.913000
4757 0.916000
4758 0.919000
4759 0.922000
4760 0.895000
4761 0.910000
4762 0.915000
4763 0.923000
4764 0.917000
4765 0.915000
4766 0.917000
4767 0.923000
4768 0.893000
4769 0.901000
4770 0.889000
4771 0.935000
4772 0.944000
4773 0.922000
4774 0.931000
4775 0.850000
4776 0.820000
4777 0.869000
4778 0.877000
4779 0.859000
4780 0.876000
4781 0.876000
4782 0.882000
4783 0.877000
4784 0.850000
4785 0.864000
4786 0.906000
4787 0.866000
4788 0.870000
4789 0.866000
4790 0.913000
4791 0.915000
4792 0.889000
4793 0.911000
4794 0.918000
4795 0.921000
4796 0.921000
4797 0.918000
4798 0.922000
4799 0.924000
4800 0.898000
4801 0.847000
4802 0.845000
4803 0.845000
4804 0.846000
4805 0.913000
4806 0.844000
4807 0.850000
4808 0.852000
4809 0.847000
4810 0.888000
4811 0.801000
4812 0.838000
4813 0.852000
4814 0.868000
4815 0.853000
4816 0.867000
4817 0.945000
4818 0.923000
4819 0.926000
4820 0.901000
4821 0.911000
4822 0.915000
4823 0.922000
4824 0.920000
4825 0.918000
4826 0.925000
4827 0.928000
4828 0.846000
4829 0.923000
4830 0.922000
4831 0.756000
4832 0.752000
4833 0.893000
4834 0.889000
4835 0.826000
4836 0.820000
4837 0.848000
4838 0.800000
4839 0.874000
4840 0.881000
4841 0.872000
4842 0.866000
4843 0.870000
4844 0.851000
4845 0.880000
4846 0.884000
4847 0.883000
4848 0.809000
4849 0.853000
4850 0.867000
4851 0.856000
4852 0.843000
4853 0.877000
4854 0.933000
4855 0.893000
4856 0.893000
4857 0.851000
4858 0.902000
4859 0.845000
4860 0.750000
4861 0.922000
4862 0.921000
4863 0.757000
4864 0.755000
4865 0.790000
4866 0.787000
4867 0.857000
4868 0.770000
4869 0.793000
4870 0.877000
4871 0.879000
4872 0.881000
4873 0.867000
4874 0.865000
4875 0.871000
4876 0.838000
4877 0.754000
4878 0.755000
4879 0.877000
4880 0.875000
4881 0.857000
4882 0.853000
4883 0.876000
4884 0.838000
4885 0.879000
4886 0.883000
4887 0.882000
4888 0.883000
4889 0.867000
4890 0.867000
4891 0.867000
4892 0.827000
4893 0.836000
4894 0.784000
4895 0.750000
4896 0.754000
4897 0.792000
4898 0.914000
4899 0.861000
4900 0.763000
4901 0.793000
4902 0.876000
4903 0.881000
4904 0.886000
4905 0.876000
4906 0.876000
4907 0.878000
4908 0.844000
4909 0.783000
4910 0.866000
4911 0.876000
4912 0.878000
4913 0.854000
4914 0.858000
4915 0.859000
4916 0.830000
4917 0.790000
4918 0.847000
4919 0.842000
4920 0.865000
4921 0.847000
4922 0.797000
4923 0.747000
4924 0.754000
4925 0.835000
4926 0.787000
4927 0.749000
4928 0.873000
4929 0.752000
4930 0.875000
4931 0.863000
4932 0.767000
4933 0.795000
4934 0.871000
4935 0.880000
4936 0.885000
4937 0.795000
4938 0.879000
4939 0.915000
4940 0.846000
4941 0.855000
4942 0.788000
4943 0.868000
4944 0.925000
4945 0.877000
4946 0.908000
4947 0.848000
4948 0.799000
4949 0.794000
4950 0.791000
4951 0.754000
4952 0.752000
4953 0.892000
4954 0.851000
4955 0.839000
4956 0.859000
4957 0.904000
4958 0.914000
4959 0.862000
4960 0.880000
4961 0.875000
4962 0.876000
4963 0.879000
4964 0.817000
4965 0.875000
4966 0.967000
4967 0.803000
4968 0.936000
4969 0.884000
4970 0.930000
4971 0.885000
4972 0.898000
4973 0.879000
4974 0.915000
4975 0.922000
4976 0.883000
4977 0.890000
4978 0.926000
4979 0.933000
4980 0.893000
4981 0.847000
4982 0.921000
4983 0.867000
4984 0.891000
4985 0.892000
4986 0.847000
4987 0.835000
4988 0.858000
4989 0.875000
4990 0.874000
4991 0.882000
4992 0.882000
4993 0.870000
4994 0.869000
4995 0.873000
4996 0.938000
4997 0.856000
4998 0.892000
4999 0.934000
5000 0.933000
