#ToRs	Run1	Run2	Run3	Run4	Run5	Avg
1000	1	24	33	22	31	22.20000000000000000000	1	33
2000	25	24	25	23	25	24.40000000000000000000	23	25
3000	0	0	23	24	27	14.80000000000000000000	0	27
4000	25	25	0	24	0	14.80000000000000000000	0	25
5000	20	17	27	0	20	16.80000000000000000000	0	27
6000	25	25	24	25	24	24.60000000000000000000	24	25
7000	24	25	26	24	0	19.80000000000000000000	0	26
8000	25	25	0	10	22	16.40000000000000000000	0	25
9000	25	25	1	1	24	15.20000000000000000000	1	25
10000	25	24	26	26	1	20.40000000000000000000	1	26
