#ping_size	no-rewriting	rewriting
200	0.990	0.990
400	1.015	1.042
600	1.050	1.029
800	1.073	1.060
1000	1.113	1.137
1200	1.142	1.176
1400	1.194	1.166
1600	1.208	1.201
1800	1.215	1.195
2000	1.264	1.255
2200	1.272	1.287
2400	1.274	1.299
2600	1.320	1.317
2800	1.350	1.328
3000	1.354	1.354
3200	1.382	1.367
3400	1.399	1.429
3600	1.420	1.442
3800	1.415	1.463
4000	1.505	1.472
4200	1.491	1.508
4400	1.532	1.518
4600	1.598	1.611
4800	1.620	1.608
5000	1.618	1.637
5200	1.662	1.655
5400	1.670	1.674
5600	1.706	1.706
5800	1.714	1.738
6000	1.762	1.753
6200	1.783	1.793
6400	1.776	1.825
6600	1.816	1.823
6800	1.845	1.849
7000	1.862	1.892
7200	1.914	1.895
7400	1.934	1.895
7600	1.921	1.942
7800	1.947	1.958
8000	2.002	1.983
8200	2.016	2.025
8400	2.040	2.044
8600	2.061	2.048
8800	2.103	2.087
8952	2.100	2.128
