#ToRs	Run1	Run2	Run3	Run4	Run5	Avg
1000	177	181	180	176	175	177.80000000000000000000	175	181
2000	343	346	339	350	347	345.00000000000000000000	339	350
3000	509	504	505	510	506	506.80000000000000000000	504	510
4000	674	680	675	684	672	677.00000000000000000000	672	684
5000	846	840	845	831	842	840.80000000000000000000	831	846
6000	998	1007	997	996	1003	1000.20000000000000000000	996	1007
7000	1184	1168	1179	1176	1178	1177.00000000000000000000	1168	1184
8000	1339	1338	1350	1331	1324	1336.40000000000000000000	1324	1350
9000	1494	1494	1500	1479	1498	1493.00000000000000000000	1479	1500
10000	1656	1671	1650	1664	1674	1663.00000000000000000000	1650	1674
