1 0.596000
2 0.599000
3 0.597000
4 0.604000
5 0.623000
6 0.620000
7 0.597000
8 0.598000
9 0.636000
10 0.600000
11 0.595000
12 0.636000
13 0.620000
14 0.622000
15 0.600000
16 0.598000
17 0.634000
18 0.598000
19 0.598000
20 0.597000
21 0.591000
22 0.663000
23 0.598000
24 0.596000
25 0.548000
26 0.633000
27 0.631000
28 0.670000
29 0.619000
30 0.661000
31 0.634000
32 0.677000
33 0.634000
34 0.635000
35 0.637000
36 0.676000
37 0.622000
38 0.621000
39 0.599000
40 0.541000
41 0.552000
42 0.591000
43 0.543000
44 0.601000
45 0.621000
46 0.660000
47 0.636000
48 0.639000
49 0.634000
50 0.633000
51 0.609000
52 0.672000
53 0.622000
54 0.621000
55 0.683000
56 0.634000
57 0.634000
58 0.639000
59 0.633000
60 0.675000
61 0.620000
62 0.658000
63 0.677000
64 0.641000
65 0.633000
66 0.641000
67 0.633000
68 0.675000
69 0.623000
70 0.599000
71 0.677000
72 0.641000
73 0.630000
74 0.638000
75 0.636000
76 0.639000
77 0.621000
78 0.661000
79 0.676000
80 0.674000
81 0.634000
82 0.639000
83 0.639000
84 0.680000
85 0.619000
86 0.662000
87 0.677000
88 0.602000
89 0.600000
90 0.600000
91 0.550000
92 0.597000
93 0.620000
94 0.662000
95 0.671000
96 0.675000
97 0.633000
98 0.634000
99 0.634000
100 0.674000
101 0.620000
102 0.659000
103 0.677000
104 0.645000
105 0.634000
106 0.636000
107 0.634000
108 0.660000
109 0.620000
110 0.662000
111 0.642000
112 0.677000
113 0.638000
114 0.637000
115 0.602000
116 0.675000
117 0.621000
118 0.662000
119 0.676000
120 0.678000
121 0.640000
122 0.628000
123 0.637000
124 0.677000
125 0.620000
126 0.661000
127 0.675000
128 0.675000
129 0.635000
130 0.637000
131 0.639000
132 0.674000
133 0.621000
134 0.661000
135 0.648000
136 0.644000
137 0.637000
138 0.637000
139 0.613000
140 0.636000
141 0.583000
142 0.585000
143 0.588000
144 0.641000
145 0.636000
146 0.604000
147 0.599000
148 0.682000
149 0.621000
150 0.663000
151 0.636000
152 0.687000
153 0.628000
154 0.637000
155 0.635000
156 0.684000
157 0.620000
158 0.660000
159 0.676000
160 0.676000
161 0.635000
162 0.638000
163 0.635000
164 0.672000
165 0.621000
166 0.660000
167 0.644000
168 0.645000
169 0.643000
170 0.636000
171 0.635000
172 0.638000
173 0.622000
174 0.658000
175 0.681000
176 0.637000
177 0.633000
178 0.637000
179 0.636000
180 0.678000
181 0.623000
182 0.661000
183 0.645000
184 0.647000
185 0.674000
186 0.639000
187 0.643000
188 0.673000
189 0.619000
190 0.661000
191 0.677000
192 0.677000
193 0.637000
194 0.600000
195 0.547000
196 0.676000
197 0.621000
198 0.660000
199 0.678000
200 0.603000
201 0.607000
202 0.612000
203 0.604000
204 0.674000
205 0.618000
206 0.662000
207 0.679000
208 0.675000
209 0.634000
210 0.645000
211 0.641000
212 0.678000
213 0.620000
214 0.660000
215 0.668000
216 0.680000
217 0.636000
218 0.644000
219 0.636000
220 0.635000
221 0.600000
222 0.619000
223 0.642000
224 0.674000
225 0.629000
226 0.604000
227 0.636000
228 0.679000
229 0.620000
230 0.661000
231 0.674000
232 0.678000
233 0.639000
234 0.637000
235 0.638000
236 0.633000
237 0.588000
238 0.661000
239 0.636000
240 0.634000
241 0.636000
242 0.584000
243 0.586000
244 0.578000
245 0.578000
246 0.656000
247 0.638000
248 0.679000
249 0.646000
250 0.638000
251 0.637000
252 0.678000
253 0.620000
254 0.659000
255 0.674000
256 0.638000
257 0.638000
258 0.634000
259 0.638000
260 0.677000
261 0.618000
262 0.658000
263 0.640000
264 0.676000
265 0.633000
266 0.607000
267 0.601000
268 0.676000
269 0.619000
270 0.662000
271 0.633000
272 0.632000
273 0.630000
274 0.673000
275 0.636000
276 0.639000
277 0.614000
278 0.662000
279 0.642000
280 0.646000
281 0.631000
282 0.674000
283 0.639000
284 0.684000
285 0.620000
286 0.663000
287 0.641000
288 0.679000
289 0.633000
290 0.638000
291 0.636000
292 0.679000
293 0.617000
294 0.658000
295 0.674000
296 0.675000
297 0.632000
298 0.635000
299 0.635000
300 0.672000
301 0.614000
302 0.655000
303 0.635000
304 0.638000
305 0.636000
306 0.640000
307 0.633000
308 0.671000
309 0.614000
310 0.578000
311 0.583000
312 0.677000
313 0.638000
314 0.635000
315 0.643000
316 0.676000
317 0.619000
318 0.658000
319 0.671000
320 0.671000
321 0.633000
322 0.630000
323 0.671000
324 0.672000
325 0.617000
326 0.618000
327 0.676000
328 0.674000
329 0.629000
330 0.637000
331 0.634000
332 0.599000
333 0.597000
334 0.657000
335 0.673000
336 0.674000
337 0.615000
338 0.636000
339 0.637000
340 0.668000
341 0.619000
342 0.658000
343 0.549000
344 0.580000
345 0.606000
346 0.574000
347 0.600000
348 0.677000
349 0.620000
350 0.617000
351 0.612000
352 0.602000
353 0.633000
354 0.640000
355 0.633000
356 0.673000
357 0.617000
358 0.660000
359 0.678000
360 0.671000
361 0.639000
362 0.637000
363 0.637000
364 0.660000
365 0.619000
366 0.601000
367 0.642000
368 0.644000
369 0.636000
370 0.633000
371 0.640000
372 0.637000
373 0.621000
374 0.662000
375 0.680000
376 0.639000
377 0.637000
378 0.640000
379 0.639000
380 0.678000
381 0.620000
382 0.662000
383 0.676000
384 0.643000
385 0.646000
386 0.636000
387 0.634000
388 0.678000
389 0.622000
390 0.660000
391 0.674000
392 0.677000
393 0.637000
394 0.637000
395 0.639000
396 0.677000
397 0.621000
398 0.661000
399 0.679000
400 0.645000
401 0.632000
402 0.641000
403 0.634000
404 0.673000
405 0.618000
406 0.660000
407 0.638000
408 0.677000
409 0.637000
410 0.638000
411 0.637000
412 0.666000
413 0.622000
414 0.663000
415 0.643000
416 0.604000
417 0.638000
418 0.639000
419 0.637000
420 0.603000
421 0.600000
422 0.600000
423 0.607000
424 0.605000
425 0.601000
426 0.603000
427 0.602000
428 0.602000
429 0.599000
430 0.603000
431 0.576000
432 0.604000
433 0.599000
434 0.606000
435 0.556000
436 0.602000
437 0.600000
438 0.602000
439 0.604000
440 0.605000
441 0.603000
442 0.549000
443 0.549000
444 0.547000
445 0.585000
446 0.534000
447 0.602000
448 0.603000
449 0.606000
450 0.604000
451 0.608000
452 0.600000
453 0.599000
454 0.599000
455 0.609000
456 0.602000
457 0.603000
458 0.549000
459 0.605000
460 0.603000
461 0.600000
462 0.579000
463 0.606000
464 0.605000
465 0.600000
466 0.559000
467 0.605000
468 0.603000
469 0.599000
470 0.600000
471 0.605000
472 0.603000
473 0.602000
474 0.549000
475 0.558000
476 0.599000
477 0.535000
478 0.605000
479 0.553000
480 0.604000
481 0.603000
482 0.551000
483 0.607000
484 0.606000
485 0.602000
486 0.608000
487 0.604000
488 0.604000
489 0.604000
490 0.606000
491 0.603000
492 0.677000
493 0.620000
494 0.602000
495 0.606000
496 0.605000
497 0.597000
498 0.530000
499 0.613000
500 0.681000
501 0.615000
502 0.661000
503 0.680000
504 0.638000
505 0.638000
506 0.641000
507 0.639000
508 0.673000
509 0.624000
510 0.662000
511 0.679000
512 0.677000
513 0.639000
514 0.642000
515 0.640000
516 0.674000
517 0.620000
518 0.657000
519 0.681000
520 0.646000
521 0.639000
522 0.641000
523 0.636000
524 0.679000
525 0.620000
526 0.622000
527 0.680000
528 0.647000
529 0.635000
530 0.640000
531 0.638000
532 0.678000
533 0.623000
534 0.604000
535 0.640000
536 0.676000
537 0.637000
538 0.644000
539 0.638000
540 0.560000
541 0.622000
542 0.664000
543 0.551000
544 0.552000
545 0.553000
546 0.552000
547 0.553000
548 0.553000
549 0.537000
550 0.600000
551 0.608000
552 0.682000
553 0.609000
554 0.609000
555 0.607000
556 0.605000
557 0.604000
558 0.605000
559 0.600000
560 0.606000
561 0.607000
562 0.608000
563 0.576000
564 0.604000
565 0.601000
566 0.603000
567 0.679000
568 0.680000
569 0.641000
570 0.634000
571 0.616000
572 0.643000
573 0.619000
574 0.660000
575 0.623000
576 0.556000
577 0.605000
578 0.608000
579 0.608000
580 0.605000
581 0.608000
582 0.605000
583 0.612000
584 0.605000
585 0.605000
586 0.605000
587 0.608000
588 0.602000
589 0.601000
590 0.604000
591 0.607000
592 0.604000
593 0.601000
594 0.611000
595 0.609000
596 0.608000
597 0.602000
598 0.542000
599 0.609000
600 0.610000
601 0.610000
602 0.608000
603 0.605000
604 0.603000
605 0.607000
606 0.605000
607 0.606000
608 0.606000
609 0.608000
610 0.606000
611 0.559000
612 0.605000
613 0.539000
614 0.613000
615 0.611000
616 0.610000
617 0.607000
618 0.558000
619 0.607000
620 0.605000
621 0.603000
622 0.606000
623 0.602000
624 0.605000
625 0.601000
626 0.610000
627 0.606000
628 0.604000
629 0.603000
630 0.604000
631 0.605000
632 0.609000
633 0.577000
634 0.608000
635 0.553000
636 0.548000
637 0.538000
638 0.541000
639 0.552000
640 0.554000
641 0.553000
642 0.555000
643 0.551000
644 0.521000
645 0.493000
646 0.536000
647 0.486000
648 0.514000
649 0.482000
650 0.503000
651 0.552000
652 0.551000
653 0.500000
654 0.528000
655 0.546000
656 0.552000
657 0.635000
658 0.610000
659 0.605000
660 0.637000
661 0.495000
662 0.495000
663 0.550000
664 0.511000
665 0.512000
666 0.732000
667 0.638000
668 0.671000
669 0.622000
670 0.620000
671 0.648000
672 0.642000
673 0.641000
674 0.554000
675 0.557000
676 0.552000
677 0.606000
678 0.609000
679 0.676000
680 0.646000
681 0.639000
682 0.644000
683 0.646000
684 0.686000
685 0.618000
686 0.660000
687 0.638000
688 0.609000
689 0.609000
690 0.635000
691 0.640000
692 0.679000
693 0.620000
694 0.663000
695 0.678000
696 0.677000
697 0.638000
698 0.641000
699 0.640000
700 0.610000
701 0.618000
702 0.620000
703 0.645000
704 0.681000
705 0.641000
706 0.641000
707 0.642000
708 0.678000
709 0.621000
710 0.661000
711 0.632000
712 0.683000
713 0.638000
714 0.640000
715 0.646000
716 0.679000
717 0.616000
718 0.660000
719 0.673000
720 0.621000
721 0.632000
722 0.606000
723 0.639000
724 0.678000
725 0.620000
726 0.622000
727 0.680000
728 0.678000
729 0.638000
730 0.639000
731 0.634000
732 0.670000
733 0.616000
734 0.657000
735 0.675000
736 0.675000
737 0.633000
738 0.634000
739 0.633000
740 0.675000
741 0.615000
742 0.657000
743 0.671000
744 0.677000
745 0.549000
746 0.606000
747 0.554000
748 0.589000
749 0.603000
750 0.685000
751 0.636000
752 0.636000
753 0.636000
754 0.633000
755 0.639000
756 0.677000
757 0.618000
758 0.660000
759 0.678000
760 0.646000
761 0.639000
762 0.647000
763 0.636000
764 0.676000
765 0.614000
766 0.661000
767 0.677000
768 0.638000
769 0.635000
770 0.638000
771 0.638000
772 0.638000
773 0.619000
774 0.657000
775 0.668000
776 0.637000
777 0.634000
778 0.633000
779 0.634000
780 0.678000
781 0.619000
782 0.656000
783 0.674000
784 0.645000
785 0.642000
786 0.631000
787 0.640000
788 0.677000
789 0.617000
790 0.660000
791 0.647000
792 0.678000
793 0.639000
794 0.642000
795 0.642000
796 0.680000
797 0.604000
798 0.622000
799 0.680000
800 0.644000
801 0.638000
802 0.637000
803 0.635000
804 0.675000
805 0.619000
806 0.622000
807 0.645000
808 0.633000
809 0.641000
810 0.642000
811 0.640000
812 0.681000
813 0.620000
814 0.661000
815 0.680000
816 0.649000
817 0.640000
818 0.640000
819 0.635000
820 0.679000
821 0.618000
822 0.663000
823 0.606000
824 0.680000
825 0.639000
826 0.642000
827 0.639000
828 0.648000
829 0.621000
830 0.664000
831 0.677000
832 0.682000
833 0.640000
834 0.632000
835 0.642000
836 0.680000
837 0.620000
838 0.619000
839 0.681000
840 0.606000
841 0.636000
842 0.639000
843 0.642000
844 0.680000
845 0.621000
846 0.606000
847 0.554000
848 0.554000
849 0.588000
850 0.591000
851 0.579000
852 0.677000
853 0.621000
854 0.661000
855 0.611000
856 0.642000
857 0.638000
858 0.576000
859 0.641000
860 0.681000
861 0.620000
862 0.659000
863 0.647000
864 0.646000
865 0.640000
866 0.641000
867 0.640000
868 0.609000
869 0.622000
870 0.662000
871 0.681000
872 0.642000
873 0.634000
874 0.646000
875 0.642000
876 0.621000
877 0.621000
878 0.620000
879 0.680000
880 0.646000
881 0.639000
882 0.648000
883 0.638000
884 0.637000
885 0.625000
886 0.622000
887 0.681000
888 0.640000
889 0.639000
890 0.641000
891 0.642000
892 0.680000
893 0.620000
894 0.621000
895 0.643000
896 0.649000
897 0.641000
898 0.644000
899 0.640000
900 0.647000
901 0.621000
902 0.662000
903 0.682000
904 0.640000
905 0.641000
906 0.637000
907 0.643000
908 0.681000
909 0.621000
910 0.663000
911 0.644000
912 0.639000
913 0.648000
914 0.642000
915 0.642000
916 0.681000
917 0.621000
918 0.656000
919 0.681000
920 0.646000
921 0.640000
922 0.641000
923 0.640000
924 0.645000
925 0.619000
926 0.620000
927 0.652000
928 0.582000
929 0.641000
930 0.643000
931 0.641000
932 0.680000
933 0.622000
934 0.621000
935 0.681000
936 0.681000
937 0.642000
938 0.645000
939 0.639000
940 0.610000
941 0.620000
942 0.663000
943 0.681000
944 0.647000
945 0.642000
946 0.641000
947 0.612000
948 0.643000
949 0.589000
950 0.588000
951 0.579000
952 0.609000
953 0.638000
954 0.639000
955 0.644000
956 0.681000
957 0.617000
958 0.619000
959 0.650000
960 0.683000
961 0.637000
962 0.647000
963 0.644000
964 0.644000
965 0.622000
966 0.663000
967 0.681000
968 0.649000
969 0.641000
970 0.642000
971 0.636000
972 0.644000
973 0.621000
974 0.662000
975 0.610000
976 0.642000
977 0.641000
978 0.644000
979 0.645000
980 0.684000
981 0.621000
982 0.662000
983 0.683000
984 0.680000
985 0.642000
986 0.642000
987 0.640000
988 0.678000
989 0.618000
990 0.620000
991 0.683000
992 0.680000
993 0.634000
994 0.645000
995 0.643000
996 0.657000
997 0.622000
998 0.662000
999 0.569000
1000 0.652000
1001 0.558000
1002 0.647000
1003 0.641000
1004 0.680000
1005 0.622000
1006 0.662000
1007 0.651000
1008 0.648000
1009 0.643000
1010 0.645000
1011 0.642000
1012 0.680000
1013 0.622000
1014 0.666000
1015 0.681000
1016 0.681000
1017 0.641000
1018 0.645000
1019 0.643000
1020 0.608000
1021 0.607000
1022 0.621000
1023 0.683000
1024 0.683000
1025 0.646000
1026 0.561000
1027 0.641000
1028 0.651000
1029 0.622000
1030 0.662000
1031 0.683000
1032 0.683000
1033 0.644000
1034 0.644000
1035 0.635000
1036 0.683000
1037 0.619000
1038 0.664000
1039 0.684000
1040 0.570000
1041 0.643000
1042 0.645000
1043 0.612000
1044 0.683000
1045 0.625000
1046 0.665000
1047 0.645000
1048 0.640000
1049 0.641000
1050 0.558000
1051 0.723000
1052 0.522000
1053 0.907000
1054 0.840000
1055 0.512000
1056 0.899000
1057 3.289000
1058 2.295000
1059 1.283000
1060 0.723000
1061 0.593000
1062 0.829000
1063 1.013000
1064 0.986000
1065 0.680000
1066 0.992000
1067 0.933000
1068 0.688000
1069 0.971000
1070 0.661000
1071 1.022000
1072 0.763000
1073 0.517000
1074 1.117000
1075 1.119000
1076 0.591000
1077 0.846000
1078 0.600000
1079 1.080000
1080 1.064000
1081 0.803000
1082 0.996000
1083 1.224000
1084 0.731000
1085 0.958000
1086 1.210000
1087 0.480000
1088 1.050000
1089 1.017000
1090 0.482000
1091 0.776000
1092 1.005000
1093 0.956000
1094 0.961000
1095 0.460000
1096 0.951000
1097 0.656000
1098 1.132000
1099 0.859000
1100 0.608000
1101 0.583000
1102 0.510000
1103 0.427000
1104 0.482000
1105 0.497000
1106 0.492000
1107 0.418000
1108 0.977000
1109 0.466000
1110 0.476000
1111 0.477000
1112 0.477000
1113 0.407000
1114 0.545000
1115 0.550000
1116 0.483000
1117 0.410000
1118 0.431000
1119 0.451000
1120 0.486000
1121 0.516000
1122 0.432000
1123 0.412000
1124 0.422000
1125 0.491000
1126 0.499000
1127 0.517000
1128 0.515000
1129 0.513000
1130 0.428000
1131 0.412000
1132 0.413000
1133 0.411000
1134 0.431000
1135 0.415000
1136 0.411000
1137 0.415000
1138 0.429000
1139 0.408000
1140 0.413000
1141 0.409000
1142 0.486000
1143 0.411000
1144 0.411000
1145 0.411000
1146 0.426000
1147 0.371000
1148 0.413000
1149 0.370000
1150 0.433000
1151 0.367000
1152 0.364000
1153 0.367000
1154 0.350000
1155 0.369000
1156 2.984000
1157 1.977000
1158 0.982000
1159 1.157000
1160 1.126000
1161 1.055000
1162 0.843000
1163 0.816000
1164 0.765000
1165 0.747000
1166 1.201000
1167 0.726000
1168 0.974000
1169 1.183000
1170 1.130000
1171 1.116000
1172 1.091000
1173 1.053000
1174 1.035000
1175 1.039000
1176 1.231000
1177 1.718000
1178 1.667000
1179 1.151000
1180 1.118000
1181 1.118000
1182 1.089000
1183 1.070000
1184 0.566000
1185 0.507000
1186 0.486000
1187 0.487000
1188 0.487000
1189 0.414000
1190 0.412000
1191 0.427000
1192 0.496000
1193 0.431000
1194 0.429000
1195 0.485000
1196 0.423000
1197 0.409000
1198 0.498000
1199 0.432000
1200 0.428000
1201 0.514000
1202 0.430000
1203 0.429000
1204 0.488000
1205 0.411000
1206 0.413000
1207 0.516000
1208 0.428000
1209 0.433000
1210 0.490000
1211 0.429000
1212 0.432000
1213 0.495000
1214 0.414000
1215 0.431000
1216 0.525000
1217 0.431000
1218 0.428000
1219 0.483000
1220 0.437000
1221 0.414000
1222 0.485000
1223 0.450000
1224 0.428000
1225 0.514000
1226 0.428000
1227 0.428000
1228 0.488000
1229 0.410000
1230 0.412000
1231 0.510000
1232 0.436000
1233 0.428000
1234 0.487000
1235 0.426000
1236 0.439000
1237 0.481000
1238 0.410000
1239 0.425000
1240 0.428000
1241 0.430000
1242 0.426000
1243 0.427000
1244 0.512000
1245 0.408000
1246 0.411000
1247 0.409000
1248 0.428000
1249 0.429000
1250 0.609000
1251 0.488000
1252 0.560000
1253 0.412000
1254 0.481000
1255 0.640000
1256 3.862000
1257 2.852000
1258 1.839000
1259 1.508000
1260 1.448000
1261 1.451000
1262 1.466000
1263 1.950000
1264 1.899000
1265 1.892000
1266 2.598000
1267 2.076000
1268 2.557000
1269 2.033000
1270 2.031000
1271 2.019000
1272 1.927000
1273 2.177000
1274 2.173000
1275 2.658000
1276 2.602000
1277 2.627000
1278 2.582000
1279 2.588000
1280 2.813000
1281 2.584000
1282 1.589000
1283 0.592000
1284 0.513000
1285 0.448000
1286 0.450000
1287 0.474000
1288 0.476000
1289 0.476000
1290 0.476000
1291 0.475000
1292 0.479000
1293 0.456000
1294 0.455000
1295 0.454000
1296 0.456000
1297 0.459000
1298 0.464000
1299 0.477000
1300 0.491000
1301 0.477000
1302 0.483000
1303 0.504000
1304 0.507000
1305 0.507000
1306 0.479000
1307 0.484000
1308 0.492000
1309 0.493000
1310 0.498000
1311 0.511000
1312 0.426000
1313 0.433000
1314 0.392000
1315 0.395000
1316 0.433000
1317 0.414000
1318 0.468000
1319 0.508000
1320 0.488000
1321 0.431000
1322 0.398000
1323 0.394000
1324 0.433000
1325 0.411000
1326 0.416000
1327 0.431000
1328 0.430000
1329 0.407000
1330 0.433000
1331 0.433000
1332 0.433000
1333 0.417000
1334 0.413000
1335 0.433000
1336 0.434000
1337 0.415000
1338 0.518000
1339 0.557000
1340 0.525000
1341 0.416000
1342 0.419000
1343 0.439000
1344 0.435000
1345 0.435000
1346 0.494000
1347 0.488000
1348 0.440000
1349 0.418000
1350 0.438000
1351 0.438000
1352 0.433000
1353 0.391000
1354 0.393000
1355 0.392000
1356 0.518000
1357 4.448000
1358 3.455000
1359 2.458000
1360 2.642000
1361 2.627000
1362 3.077000
1363 3.122000
1364 3.065000
1365 3.045000
1366 3.282000
1367 3.240000
1368 3.210000
1369 2.942000
1370 2.186000
1371 1.191000
1372 0.694000
1373 3.394000
1374 2.834000
1375 2.362000
1376 1.353000
1377 3.049000
1378 2.056000
1379 1.045000
1380 0.580000
1381 3.061000
1382 2.068000
1383 1.070000
1384 1.271000
1385 0.471000
1386 0.531000
1387 0.447000
1388 0.524000
1389 0.453000
1390 0.446000
1391 0.466000
1392 0.448000
1393 0.450000
1394 0.440000
1395 0.403000
1396 0.399000
1397 0.521000
1398 0.506000
1399 0.429000
1400 0.435000
1401 0.495000
1402 0.510000
1403 0.435000
1404 0.441000
1405 0.450000
1406 0.464000
1407 0.459000
1408 0.448000
1409 0.450000
1410 0.399000
1411 0.442000
1412 0.402000
1413 0.448000
1414 0.518000
1415 0.514000
1416 0.404000
1417 0.406000
1418 0.391000
1419 0.396000
1420 0.444000
1421 0.401000
1422 0.520000
1423 0.400000
1424 0.402000
1425 0.525000
1426 0.395000
1427 0.396000
1428 0.457000
1429 0.444000
1430 0.437000
1431 0.439000
1432 0.443000
1433 0.402000
1434 0.396000
1435 0.396000
1436 0.399000
1437 0.403000
1438 0.443000
1439 0.400000
1440 0.405000
1441 0.478000
1442 0.437000
1443 0.445000
1444 0.484000
1445 0.520000
1446 0.485000
1447 0.444000
1448 0.448000
1449 0.404000
1450 0.395000
1451 0.396000
1452 0.399000
1453 0.399000
1454 0.397000
1455 0.399000
1456 5.639000
1457 4.644000
1458 3.636000
1459 3.568000
1460 3.521000
1461 3.524000
1462 4.229000
1463 4.231000
1464 4.689000
1465 4.649000
1466 4.167000
1467 4.645000
1468 4.119000
1469 4.839000
1470 4.820000
1471 4.776000
1472 4.778000
1473 4.778000
1474 4.761000
1475 4.746000
1476 4.976000
1477 5.404000
1478 4.897000
1479 4.185000
1480 3.193000
1481 2.196000
1482 1.186000
1483 0.638000
1484 0.446000
1485 0.448000
1486 0.524000
1487 0.465000
1488 0.518000
1489 0.526000
1490 0.517000
1491 0.448000
1492 0.448000
1493 0.450000
1494 0.441000
1495 0.443000
1496 0.446000
1497 0.452000
1498 0.399000
1499 0.395000
1500 0.403000
1501 0.412000
1502 0.449000
1503 0.447000
1504 0.447000
1505 0.449000
1506 0.402000
1507 0.445000
1508 0.446000
1509 0.450000
1510 0.452000
1511 0.440000
1512 0.460000
1513 0.444000
1514 0.400000
1515 0.446000
1516 0.466000
1517 0.453000
1518 0.440000
1519 0.445000
1520 0.443000
1521 0.447000
1522 0.435000
1523 0.403000
1524 0.531000
1525 0.529000
1526 0.520000
1527 0.464000
1528 0.466000
1529 0.446000
1530 0.446000
1531 0.447000
1532 0.450000
1533 0.471000
1534 0.444000
1535 0.447000
1536 0.449000
1537 0.412000
1538 0.442000
1539 0.444000
1540 0.402000
1541 0.411000
1542 0.519000
1543 0.403000
1544 0.448000
1545 0.526000
1546 0.477000
1547 0.527000
1548 0.449000
1549 0.451000
1550 0.450000
1551 0.525000
1552 0.471000
1553 0.408000
1554 0.504000
1555 0.406000
1556 0.453000
1557 3.831000
1558 6.262000
1559 5.268000
1560 4.775000
1561 4.762000
1562 5.197000
1563 5.176000
1564 5.176000
1565 5.410000
1566 5.371000
1567 5.376000
1568 5.284000
1569 5.289000
1570 5.775000
1571 5.253000
1572 6.000000
1573 5.971000
1574 5.963000
1575 5.938000
1576 5.904000
1577 5.909000
1578 5.884000
1579 5.363000
1580 4.368000
1581 3.372000
1582 2.378000
1583 1.383000
1584 0.624000
1585 0.409000
1586 0.527000
1587 0.446000
1588 0.453000
1589 0.652000
1590 0.439000
1591 0.623000
1592 0.515000
1593 0.461000
1594 0.407000
1595 0.524000
1596 0.405000
1597 0.457000
1598 0.698000
1599 0.467000
1600 0.590000
1601 0.471000
1602 0.717000
1603 0.521000
1604 0.648000
1605 0.451000
1606 0.632000
1607 0.526000
1608 0.527000
1609 0.451000
1610 0.524000
1611 0.470000
1612 0.532000
1613 0.662000
1614 0.443000
1615 0.525000
1616 0.529000
1617 0.471000
1618 0.449000
1619 0.402000
1620 0.404000
1621 0.530000
1622 0.448000
1623 0.448000
1624 0.449000
1625 0.532000
1626 0.516000
1627 0.447000
1628 0.449000
1629 0.532000
1630 0.452000
1631 0.406000
1632 0.474000
1633 0.473000
1634 0.402000
1635 0.524000
1636 0.405000
1637 0.472000
1638 0.440000
1639 0.462000
1640 0.524000
1641 0.404000
1642 0.467000
1643 0.405000
1644 0.533000
1645 0.413000
1646 0.453000
1647 0.408000
1648 0.456000
1649 0.410000
1650 0.407000
1651 0.408000
1652 0.415000
1653 0.535000
1654 0.404000
1655 0.491000
1656 0.408000
1657 8.282000
1658 7.277000
1659 6.281000
1660 6.244000
1661 6.187000
1662 6.649000
1663 6.650000
1664 6.403000
1665 6.880000
1666 6.824000
1667 6.785000
1668 6.784000
1669 6.779000
1670 6.777000
1671 6.991000
1672 6.989000
1673 6.950000
1674 6.941000
1675 6.908000
1676 7.378000
1677 7.138000
1678 6.140000
1679 5.143000
1680 4.146000
1681 3.150000
1682 2.148000
1683 1.151000
1684 0.601000
1685 0.456000
1686 0.528000
1687 0.402000
1688 0.519000
1689 0.402000
1690 0.403000
1691 0.451000
1692 0.411000
1693 0.410000
1694 0.407000
1695 0.409000
1696 0.472000
1697 0.481000
1698 0.456000
1699 0.412000
1700 0.412000
1701 0.415000
1702 0.405000
1703 0.405000
1704 0.405000
1705 0.411000
1706 0.402000
1707 0.404000
1708 0.406000
1709 0.409000
1710 0.402000
1711 0.406000
1712 0.407000
1713 0.407000
1714 0.405000
1715 0.404000
1716 0.405000
1717 0.406000
1718 0.405000
1719 0.408000
1720 0.409000
1721 0.410000
1722 0.403000
1723 0.396000
1724 0.395000
1725 0.408000
1726 0.409000
1727 0.412000
1728 0.441000
1729 0.443000
1730 0.410000
1731 0.410000
1732 0.411000
1733 0.411000
1734 0.400000
1735 0.404000
1736 0.400000
1737 0.403000
1738 0.412000
1739 0.413000
1740 0.453000
1741 0.420000
1742 0.412000
1743 0.409000
1744 0.410000
1745 0.411000
1746 0.408000
1747 0.404000
1748 0.405000
1749 0.408000
1750 0.409000
1751 0.410000
1752 0.409000
1753 0.409000
1754 0.408000
1755 0.406000
1756 0.413000
1757 9.287000
1758 8.282000
1759 7.286000
1760 7.254000
1761 7.254000
1762 7.703000
1763 7.697000
1764 7.659000
1765 7.912000
1766 7.900000
1767 8.354000
1768 8.354000
1769 8.294000
1770 8.238000
1771 8.252000
1772 8.459000
1773 7.997000
1774 8.458000
1775 8.412000
1776 7.988000
1777 6.993000
1778 5.988000
1779 4.991000
1780 3.995000
1781 2.998000
1782 1.990000
1783 0.996000
1784 0.659000
1785 0.413000
1786 0.454000
1787 0.411000
1788 0.416000
1789 0.416000
1790 0.528000
1791 0.531000
1792 0.474000
1793 0.506000
1794 0.477000
1795 0.473000
1796 0.475000
1797 0.457000
1798 0.413000
1799 0.416000
1800 0.442000
1801 0.446000
1802 0.413000
1803 0.412000
1804 0.418000
1805 0.417000
1806 0.409000
1807 0.407000
1808 0.409000
1809 0.410000
1810 0.421000
1811 0.416000
1812 0.439000
1813 0.419000
1814 0.409000
1815 0.410000
1816 0.411000
1817 0.417000
1818 0.412000
1819 0.412000
1820 0.420000
1821 0.418000
1822 0.410000
1823 0.412000
1824 0.443000
1825 0.444000
1826 0.480000
1827 0.476000
1828 0.444000
1829 0.419000
1830 0.402000
1831 0.471000
1832 0.408000
1833 0.411000
1834 0.414000
1835 0.416000
1836 0.421000
1837 0.420000
1838 0.412000
1839 0.417000
1840 0.416000
1841 0.416000
1842 0.414000
1843 0.418000
1844 0.444000
1845 0.421000
1846 0.401000
1847 0.394000
1848 0.418000
1849 0.446000
1850 0.415000
1851 0.445000
1852 0.447000
1853 0.424000
1854 0.406000
1855 0.409000
1856 0.414000
1857 9.725000
1858 9.678000
1859 8.685000
1860 8.176000
1861 8.908000
1862 8.901000
1863 8.866000
1864 8.835000
1865 9.298000
1866 8.784000
1867 9.491000
1868 9.460000
1869 9.461000
1870 9.413000
1871 9.405000
1872 8.908000
1873 9.408000
1874 9.616000
1875 9.398000
1876 8.391000
1877 7.395000
1878 6.393000
1879 5.396000
1880 4.400000
1881 3.405000
1882 2.409000
1883 1.413000
1884 0.621000
1885 0.548000
1886 0.584000
1887 0.477000
1888 0.449000
1889 0.467000
1890 0.572000
1891 0.617000
1892 0.447000
1893 0.485000
1894 0.457000
1895 0.535000
1896 0.418000
1897 0.488000
1898 0.475000
1899 0.412000
1900 0.422000
1901 0.468000
1902 0.410000
1903 0.417000
1904 0.414000
1905 0.445000
1906 0.415000
1907 0.445000
1908 0.445000
1909 0.422000
1910 0.416000
1911 0.487000
1912 0.546000
1913 0.450000
1914 0.414000
1915 0.486000
1916 0.487000
1917 0.422000
1918 0.419000
1919 0.445000
1920 0.450000
1921 0.492000
1922 0.413000
1923 0.417000
1924 0.444000
1925 0.421000
1926 0.412000
1927 0.417000
1928 0.443000
1929 0.447000
1930 0.414000
1931 0.445000
1932 0.442000
1933 0.417000
1934 0.418000
1935 0.447000
1936 0.448000
1937 0.453000
1938 0.419000
1939 0.417000
1940 0.446000
1941 0.425000
1942 0.417000
1943 0.446000
1944 0.451000
1945 0.437000
1946 0.416000
1947 0.446000
1948 0.446000
1949 0.419000
1950 0.412000
1951 0.442000
1952 0.450000
1953 0.449000
1954 0.442000
1955 0.446000
1956 4.146000
1957 11.239000
1958 10.238000
1959 9.751000
1960 9.738000
1961 9.708000
1962 10.398000
1963 9.902000
1964 9.890000
1965 9.852000
1966 9.875000
1967 9.828000
1968 10.262000
1969 10.489000
1970 10.505000
1971 10.484000
1972 10.410000
1973 10.422000
1974 9.712000
1975 8.717000
1976 7.722000
1977 6.727000
1978 5.723000
1979 4.727000
1980 3.731000
1981 2.735000
1982 1.732000
1983 0.735000
1984 0.397000
1985 0.492000
1986 0.417000
1987 0.448000
1988 0.451000
1989 0.424000
1990 0.422000
1991 0.440000
1992 0.449000
1993 0.456000
1994 0.417000
1995 0.445000
1996 0.441000
1997 0.424000
1998 0.418000
1999 0.447000
2000 0.413000
2001 0.422000
2002 0.443000
2003 0.451000
2004 0.458000
2005 0.426000
2006 0.424000
2007 0.449000
2008 0.463000
2009 0.455000
2010 0.421000
2011 0.450000
2012 0.451000
2013 0.427000
2014 0.419000
2015 0.420000
2016 0.449000
2017 0.426000
2018 0.451000
2019 0.445000
2020 0.446000
2021 0.428000
2022 0.411000
2023 0.411000
2024 0.412000
2025 0.415000
2026 0.457000
2027 0.453000
2028 0.496000
2029 0.432000
2030 0.422000
2031 0.449000
2032 0.458000
2033 0.463000
2034 0.451000
2035 0.462000
2036 0.454000
2037 0.431000
2038 0.419000
2039 0.428000
2040 0.384000
2041 0.454000
2042 0.450000
2043 0.428000
2044 0.455000
2045 0.432000
2046 0.416000
2047 0.447000
2048 0.447000
2049 0.453000
2050 0.445000
2051 0.447000
2052 0.449000
2053 0.330000
2054 0.421000
2055 0.451000
2056 0.426000
2057 12.568000
2058 11.554000
2059 10.557000
2060 11.004000
2061 11.203000
2062 11.200000
2063 11.187000
2064 11.167000
2065 11.143000
2066 11.111000
2067 11.117000
2068 11.309000
2069 11.287000
2070 11.244000
2071 11.251000
2072 11.773000
2073 11.075000
2074 10.078000
2075 9.081000
2076 8.086000
2077 7.088000
2078 6.088000
2079 5.090000
2080 4.094000
2081 3.098000
2082 2.090000
2083 1.095000
2084 0.493000
2085 0.430000
2086 0.426000
2087 0.389000
2088 0.431000
2089 0.461000
2090 0.424000
2091 0.456000
2092 0.458000
2093 0.432000
2094 0.418000
2095 0.446000
2096 0.442000
2097 0.450000
2098 0.452000
2099 0.448000
2100 0.442000
2101 0.431000
2102 0.426000
2103 0.453000
2104 0.456000
2105 0.468000
2106 0.452000
2107 0.450000
2108 0.415000
2109 0.436000
2110 0.425000
2111 0.455000
2112 0.458000
2113 0.455000
2114 0.449000
2115 0.449000
2116 0.452000
2117 0.425000
2118 0.420000
2119 0.420000
2120 0.442000
2121 0.419000
2122 0.452000
2123 0.454000
2124 0.454000
2125 0.428000
2126 0.428000
2127 0.455000
2128 0.434000
2129 0.461000
2130 0.452000
2131 0.452000
2132 0.452000
2133 0.427000
2134 0.424000
2135 0.449000
2136 0.456000
2137 0.419000
2138 0.426000
2139 0.456000
2140 0.445000
2141 0.427000
2142 0.421000
2143 0.422000
2144 0.454000
2145 0.453000
2146 0.447000
2147 0.451000
2148 0.452000
2149 0.429000
2150 0.424000
2151 0.446000
2152 0.438000
2153 0.454000
2154 0.451000
2155 0.457000
2156 8.098000
2157 12.999000
2158 12.015000
2159 11.484000
2160 11.703000
2161 11.658000
2162 11.666000
2163 12.116000
2164 12.084000
2165 12.067000
2166 12.052000
2167 12.751000
2168 12.732000
2169 12.204000
2170 12.713000
2171 12.189000
2172 11.510000
2173 10.514000
2174 9.523000
2175 8.524000
2176 7.513000
2177 6.515000
2178 5.519000
2179 4.508000
2180 3.511000
2181 2.514000
2182 1.531000
2183 0.690000
2184 0.461000
2185 0.458000
2186 0.427000
2187 0.452000
2188 0.495000
2189 0.425000
2190 0.425000
2191 0.431000
2192 0.462000
2193 0.458000
2194 0.443000
2195 0.459000
2196 0.451000
2197 0.428000
2198 0.487000
2199 0.450000
2200 0.441000
2201 0.461000
2202 0.451000
2203 0.449000
2204 0.499000
2205 0.431000
2206 0.468000
2207 0.497000
2208 0.464000
2209 0.506000
2210 0.427000
2211 0.457000
2212 0.501000
2213 0.433000
2214 0.432000
2215 0.503000
2216 0.466000
2217 0.470000
2218 0.460000
2219 0.456000
2220 0.463000
2221 0.435000
2222 0.427000
2223 0.457000
2224 0.455000
2225 0.492000
2226 0.560000
2227 0.439000
2228 0.462000
2229 0.438000
2230 0.492000
2231 0.458000
2232 0.459000
2233 0.463000
2234 0.434000
2235 0.462000
2236 0.462000
2237 0.440000
2238 0.432000
2239 0.458000
2240 0.440000
2241 0.473000
2242 0.459000
2243 0.457000
2244 0.458000
2245 0.433000
2246 0.426000
2247 0.457000
2248 0.430000
2249 0.461000
2250 0.459000
2251 0.458000
2252 0.503000
2253 0.501000
2254 0.432000
2255 0.466000
2256 0.475000
2257 11.111000
2258 13.822000
2259 12.812000
2260 12.775000
2261 12.751000
2262 12.968000
2263 12.934000
2264 13.410000
2265 12.907000
2266 13.369000
2267 12.844000
2268 12.823000
2269 13.543000
2270 13.501000
2271 13.338000
2272 12.344000
2273 11.348000
2274 10.355000
2275 9.358000
2276 8.361000
2277 7.351000
2278 6.357000
2279 5.361000
2280 4.366000
2281 3.370000
2282 2.355000
2283 1.359000
2284 0.500000
2285 0.554000
2286 0.431000
2287 0.457000
2288 0.465000
2289 0.467000
2290 0.501000
2291 0.463000
2292 0.466000
2293 0.442000
2294 0.426000
2295 0.427000
2296 0.425000
2297 0.431000
2298 0.459000
2299 0.466000
2300 0.467000
2301 0.443000
2302 0.434000
2303 0.459000
2304 0.461000
2305 0.470000
2306 0.459000
2307 0.473000
2308 0.468000
2309 0.434000
2310 0.437000
2311 0.465000
2312 0.444000
2313 0.468000
2314 0.466000
2315 0.462000
2316 0.465000
2317 0.437000
2318 0.429000
2319 0.431000
2320 0.436000
2321 0.430000
2322 0.464000
2323 0.436000
2324 0.461000
2325 0.441000
2326 0.437000
2327 0.444000
2328 0.442000
2329 0.446000
2330 0.463000
2331 0.456000
2332 0.438000
2333 0.439000
2334 0.437000
2335 0.466000
2336 0.463000
2337 0.408000
2338 0.380000
2339 0.439000
2340 0.462000
2341 0.440000
2342 0.398000
2343 0.413000
2344 0.452000
2345 0.446000
2346 0.451000
2347 0.462000
2348 0.470000
2349 0.503000
2350 0.502000
2351 0.509000
2352 0.475000
2353 0.477000
2354 0.466000
2355 0.461000
2356 2.512000
2357 15.042000
2358 14.057000
2359 13.746000
2360 13.711000
2361 14.183000
2362 13.684000
2363 14.140000
2364 14.098000
2365 14.047000
2366 14.302000
2367 14.278000
2368 14.243000
2369 13.757000
2370 13.821000
2371 12.813000
2372 11.817000
2373 10.819000
2374 9.833000
2375 8.837000
2376 7.840000
2377 6.829000
2378 5.825000
2379 4.813000
2380 3.818000
2381 2.822000
2382 1.847000
2383 0.851000
2384 0.481000
2385 0.446000
2386 0.461000
2387 0.462000
2388 0.463000
2389 0.445000
2390 0.428000
2391 0.454000
2392 0.431000
2393 0.432000
2394 0.462000
2395 0.466000
2396 0.506000
2397 0.440000
2398 0.439000
2399 0.538000
2400 0.474000
2401 0.460000
2402 0.459000
2403 0.459000
2404 0.481000
2405 0.441000
2406 0.436000
2407 0.461000
2408 0.442000
2409 0.407000
2410 0.467000
2411 0.466000
2412 0.442000
2413 0.447000
2414 0.437000
2415 0.467000
2416 0.507000
2417 0.452000
2418 0.636000
2419 0.461000
2420 0.476000
2421 0.391000
2422 0.443000
2423 0.469000
2424 0.459000
2425 0.522000
2426 0.508000
2427 0.470000
2428 0.468000
2429 0.446000
2430 0.530000
2431 0.464000
2432 0.456000
2433 0.466000
2434 0.449000
2435 0.480000
2436 0.521000
2437 0.450000
2438 0.511000
2439 0.471000
2440 0.510000
2441 0.472000
2442 0.454000
2443 0.467000
2444 0.442000
2445 0.423000
2446 0.440000
2447 0.450000
2448 0.463000
2449 0.461000
2450 0.466000
2451 0.445000
2452 0.468000
2453 0.479000
2454 0.439000
2455 0.516000
2456 5.480000
2457 15.780000
2458 14.779000
2459 14.222000
2460 14.195000
2461 14.179000
2462 14.687000
2463 14.684000
2464 14.885000
2465 14.825000
2466 14.866000
2467 14.849000
2468 14.791000
2469 14.559000
2470 13.590000
2471 12.593000
2472 11.583000
2473 10.588000
2474 9.593000
2475 8.598000
2476 7.603000
2477 6.606000
2478 5.604000
2479 4.592000
2480 3.597000
2481 2.601000
2482 1.607000
2483 0.612000
2484 0.518000
2485 0.450000
2486 0.434000
2487 0.448000
2488 0.446000
2489 0.456000
2490 0.452000
2491 0.456000
2492 0.454000
2493 0.447000
2494 0.438000
2495 0.392000
2496 0.396000
2497 0.419000
2498 0.456000
2499 0.455000
2500 0.375000
2501 0.397000
2502 0.440000
2503 0.444000
2504 0.455000
2505 0.453000
2506 0.455000
2507 0.456000
2508 0.454000
2509 0.450000
2510 0.436000
2511 0.446000
2512 0.452000
2513 0.444000
2514 0.447000
2515 0.455000
2516 0.453000
2517 0.443000
2518 0.444000
2519 0.456000
2520 0.400000
2521 0.371000
2522 0.447000
2523 0.451000
2524 0.453000
2525 0.482000
2526 0.444000
2527 0.456000
2528 0.379000
2529 0.392000
2530 0.452000
2531 0.380000
2532 0.433000
2533 0.432000
2534 0.453000
2535 0.465000
2536 0.433000
2537 0.424000
2538 0.430000
2539 0.439000
2540 0.391000
2541 0.416000
2542 0.465000
2543 0.421000
2544 0.425000
2545 0.378000
2546 0.425000
2547 0.442000
2548 0.382000
2549 0.351000
2550 0.358000
2551 0.382000
2552 0.383000
2553 0.424000
2554 0.378000
2555 0.382000
2556 0.382000
2557 13.716000
2558 16.167999
2559 15.182000
2560 15.122000
2561 15.141000
2562 15.133000
2563 15.329000
2564 15.836000
2565 15.839000
2566 15.817000
2567 15.324000
2568 15.308000
2569 15.412000
2570 14.424000
2571 13.436000
2572 12.441000
2573 11.434000
2574 10.439000
2575 9.442000
2576 8.437000
2577 7.447000
2578 6.456000
2579 5.468000
2580 4.482000
2581 3.495000
2582 2.510000
2583 1.521000
2584 0.619000
2585 0.407000
2586 0.394000
2587 0.425000
2588 0.395000
2589 0.407000
2590 0.383000
2591 0.393000
2592 0.377000
2593 0.382000
2594 0.353000
2595 0.386000
2596 0.381000
2597 0.374000
2598 0.380000
2599 0.439000
2600 0.399000
2601 0.370000
2602 0.515000
2603 0.389000
2604 0.377000
2605 0.363000
2606 0.371000
2607 0.382000
2608 0.391000
2609 0.449000
2610 0.430000
2611 0.350000
2612 0.356000
2613 0.447000
2614 0.499000
2615 0.463000
2616 0.396000
2617 0.375000
2618 0.368000
2619 0.382000
2620 0.387000
2621 0.416000
2622 0.424000
2623 0.436000
2624 0.339000
2625 0.334000
2626 0.372000
2627 0.393000
2628 0.469000
2629 0.445000
2630 0.416000
2631 0.435000
2632 0.433000
2633 0.432000
2634 0.440000
2635 0.342000
2636 0.393000
2637 0.426000
2638 0.456000
2639 0.479000
2640 0.379000
2641 0.458000
2642 0.487000
2643 0.409000
2644 0.414000
2645 0.425000
2646 0.348000
2647 0.394000
2648 0.408000
2649 0.469000
2650 0.426000
2651 0.495000
2652 0.446000
2653 0.457000
2654 0.471000
2655 0.430000
2656 0.404000
2657 6.197000
2658 12.629000
2659 11.641000
2660 10.655000
2661 9.851000
2662 12.098000







2670 75.789001
2671 74.806000
2672 73.817001
2673 72.828003
2674 71.820000
2675 70.813004
2676 69.805000
2677 68.793999
2678 67.799004
2679 66.804001
2680 65.864998
2681 64.856003
2682 63.846001
2683 62.834999
2684 61.824001
2685 60.813000
2686 59.800999
2687 58.813000
2688 57.817001
2689 56.806999
2690 55.797001
2691 54.785000
2692 53.790001
2693 52.799000
2694 51.810001
2695 50.813999
2696 49.819000
2697 48.823002
2698 47.827000
2699 46.831001
2700 45.801998
2701 44.803001
2702 43.817001
2703 42.832001
2704 41.847000
2705 40.858002
2706 39.862999
2707 38.868000
2708 37.872002




2713 32.902000




















2734 11.991000
2735 11.007000
2736 10.019000
2737 9.024000
2738 8.029000
2739 7.033000
2740 6.015000
2741 5.026000
2742 4.036000
2743 3.034000

2745 1.056000
2746 1.006000
2747 1.008000
2748 1.098000
2749 1.148000
2750 1.149000
2751 1.166000
2752 1.168000
2753 1.193000
2754 1.175000
2755 1.060000
2756 1.069000
2757 1.119000
2758 1.078000
2759 1.085000
2760 1.093000
2761 1.151000
2762 1.060000
2763 0.993000
2764 1.000000
2765 0.972000
2766 0.982000
2767 0.983000
2768 1.060000
2769 1.093000
2770 1.094000
2771 0.932000
2772 0.937000
2773 1.040000
2774 1.008000
2775 0.952000
2776 1.128000
2777 0.978000
2778 1.029000
2779 1.055000
2780 1.018000
2781 1.070000
2782 1.023000
2783 0.889000
2784 1.073000
2785 1.141000
2786 1.100000
2787 0.902000
2788 1.018000
2789 1.066000
2790 1.032000
2791 1.028000
2792 1.073000
2793 1.031000
2794 1.154000
2795 1.049000
2796 0.966000
2797 1.085000
2798 1.037000
2799 0.979000
2800 1.157000
2801 1.159000
2802 1.130000
2803 1.118000
2804 1.110000
2805 1.120000
2806 1.106000
2807 1.045000
2808 1.096000
2809 1.063000
2810 1.110000
2811 0.994000
2812 0.914000
2813 1.036000
2814 1.004000
2815 1.058000
2816 1.051000
2817 1.169000
2818 1.110000
2819 0.964000
2820 1.116000
2821 1.049000
2822 1.023000
2823 1.042000
2824 1.033000
2825 1.142000
2826 1.024000
2827 0.879000
2828 0.993000
2829 0.992000
2830 1.079000
2831 0.958000
2832 1.121000
2833 1.044000
2834 1.134000
2835 1.051000
2836 0.956000
2837 0.994000
2838 1.018000
2839 0.994000
2840 0.967000
2841 1.069000
2842 1.097000
2843 0.996000
2844 0.969000
2845 1.070000
2846 1.111000
2847 1.048000
2848 0.943000
2849 1.164000
2850 1.169000
2851 1.068000
2852 0.996000
2853 1.108000
2854 1.105000
2855 1.037000
2856 0.947000
2857 1.059000
2858 1.029000
2859 1.047000
2860 0.968000
2861 1.044000
2862 1.056000
2863 1.011000
2864 0.992000
2865 1.089000
2866 1.012000
2867 0.932000
2868 0.951000
2869 1.038000
2870 0.982000
2871 0.819000
2872 0.925000
2873 0.933000
2874 1.034000
2875 0.927000
2876 0.935000
2877 0.994000
2878 0.979000
2879 0.896000
2880 0.943000
2881 1.020000
2882 1.003000
2883 0.955000
2884 0.964000
2885 0.967000
2886 1.016000
2887 0.940000
2888 0.881000
2889 1.077000
2890 1.029000
2891 0.964000
2892 0.909000
2893 1.046000
2894 1.025000
2895 0.955000
2896 0.913000
2897 1.015000
2898 1.108000
2899 1.002000
2900 1.037000
2901 1.050000
2902 0.997000
2903 1.042000
2904 0.916000
2905 1.168000
2906 0.984000
2907 1.009000
2908 1.071000
2909 1.064000
2910 1.032000
2911 0.978000
2912 0.887000
2913 1.025000
2914 1.053000
2915 1.019000
2916 0.968000
2917 1.010000
2918 0.967000
2919 0.963000
2920 0.912000
2921 1.062000
2922 1.062000
2923 1.054000
2924 1.064000
2925 1.101000
2926 1.105000
2927 1.064000
2928 0.909000
2929 1.090000
2930 1.049000
2931 0.987000
2932 1.039000
2933 1.082000
2934 1.047000
2935 0.976000
2936 0.930000
2937 1.033000
2938 0.994000
2939 0.943000
2940 1.001000
2941 0.994000
2942 1.010000
2943 1.013000
2944 1.016000
2945 1.090000
2946 1.092000
2947 1.060000
2948 0.954000
2949 1.074000
2950 1.108000
2951 0.995000
2952 0.893000
2953 0.995000
2954 1.078000
2955 1.064000
2956 1.001000
2957 0.917000
2958 0.940000
2959 0.988000
2960 1.027000
2961 1.036000
2962 0.969000
2963 0.989000
2964 0.916000
2965 0.916000
2966 0.993000
2967 0.947000
2968 0.865000
2969 1.013000
2970 0.992000
2971 0.933000
2972 0.909000
2973 0.945000
2974 0.991000
2975 1.005000
2976 0.942000
2977 0.926000
2978 0.983000
2979 0.961000
2980 0.885000
2981 1.057000
2982 1.010000
2983 0.973000
2984 0.861000
2985 0.979000
2986 0.923000
2987 1.043000
2988 0.982000
2989 0.954000
2990 1.061000
2991 0.962000
2992 0.957000
2993 1.066000
2994 1.027000
2995 0.997000
2996 0.995000
2997 1.018000
2998 1.062000
2999 0.961000
3000 0.974000
3001 1.054000
3002 0.949000
3003 0.937000
3004 1.019000
3005 1.073000
3006 0.954000
3007 1.008000
3008 0.916000
3009 0.973000
3010 1.061000
3011 0.988000
3012 0.937000
3013 1.107000
3014 1.014000
3015 1.088000
3016 0.828000
3017 0.882000
3018 1.041000
3019 0.956000
3020 0.993000
3021 0.969000
3022 0.970000
3023 0.998000
3024 0.985000
3025 0.942000
3026 0.961000
3027 1.073000
3028 0.916000
3029 0.958000
3030 1.080000
3031 0.998000
3032 0.933000
3033 0.943000
3034 1.048000
3035 1.115000
3036 1.012000
3037 1.028000
3038 1.084000
3039 1.083000
3040 1.042000
3041 0.914000
3042 1.025000
3043 1.049000
3044 0.986000
3045 1.060000
3046 1.015000
3047 1.108000
3048 0.874000
3049 0.989000
3050 1.090000
3051 0.982000
3052 0.993000
3053 1.003000
3054 1.024000
3055 1.061000
3056 1.015000
3057 0.933000
3058 0.995000
3059 1.055000
3060 0.844000
3061 0.977000
3062 1.009000
3063 1.057000
3064 1.034000
3065 0.950000
3066 1.013000
3067 1.014000
3068 0.892000
3069 1.125000
3070 1.006000
3071 1.124000
3072 0.942000
3073 0.914000
3074 0.969000
3075 0.971000
3076 1.020000
3077 0.947000
3078 0.929000
3079 1.011000
3080 0.916000
3081 0.885000
3082 1.031000
3083 1.057000
3084 0.895000
3085 0.929000
3086 0.934000
3087 1.034000
3088 1.023000
3089 0.918000
3090 1.031000
3091 1.072000
3092 1.033000
3093 1.006000
3094 1.094000
3095 1.063000
3096 1.047000
3097 0.964000
3098 1.104000
3099 1.006000
3100 0.949000
3101 0.981000
3102 0.958000
3103 1.039000
3104 0.986000
3105 0.933000
3106 1.061000
3107 1.057000
3108 0.961000
3109 0.969000
3110 1.009000
3111 1.057000
3112 1.090000
3113 1.007000
3114 1.097000
3115 1.081000
3116 0.927000
3117 1.002000
3118 0.990000
3119 0.998000
3120 1.022000
3121 0.996000
3122 1.041000
3123 1.041000
3124 1.052000
3125 1.014000
3126 0.950000
3127 1.075000
3128 1.092000
3129 0.975000
3130 1.061000
3131 0.972000
3132 1.105000
3133 0.921000
3134 1.009000
3135 1.070000
3136 1.138000
3137 1.056000
3138 1.050000
3139 1.030000
3140 1.149000
3141 0.959000
3142 1.006000
3143 1.043000
3144 1.137000
3145 0.992000
3146 0.963000
3147 1.073000
3148 0.971000
3149 1.072000
3150 0.998000
3151 1.061000
3152 1.065000
3153 1.101000
3154 1.025000
3155 1.024000
3156 1.014000
3157 1.015000
3158 0.980000
3159 1.040000
3160 0.996000
3161 1.032000
3162 0.994000
3163 1.074000
3164 0.922000
3165 0.920000
3166 0.990000
3167 1.091000
3168 1.045000
3169 0.953000
3170 0.956000
3171 1.055000
3172 0.953000
3173 0.900000
3174 0.846000
3175 0.933000
3176 1.005000
3177 0.867000
3178 0.911000
3179 1.073000
3180 1.014000
3181 0.923000
3182 0.919000
3183 1.071000
3184 1.068000
3185 0.994000
3186 0.972000
3187 0.971000
3188 1.113000
3189 0.886000
3190 0.975000
3191 1.006000
3192 0.948000
3193 0.986000
3194 0.991000
3195 0.962000
3196 0.957000
3197 0.878000
3198 1.103000
3199 1.066000
3200 1.053000
3201 1.096000
3202 1.089000
3203 1.058000
3204 1.086000
3205 0.986000
3206 1.122000
3207 1.078000
3208 1.131000
3209 0.932000
3210 0.991000
3211 1.008000
3212 1.003000
3213 0.959000
3214 0.969000
3215 1.042000
3216 1.171000
3217 1.049000
3218 1.111000
3219 1.025000
3220 1.102000
3221 0.914000
3222 1.020000
3223 1.157000
3224 1.081000
3225 0.991000
3226 1.075000
3227 0.954000
3228 0.954000
3229 0.910000
3230 0.987000
3231 1.070000
3232 1.073000
3233 0.990000
3234 1.047000
3235 1.117000
3236 1.008000
3237 1.022000
3238 0.946000
3239 1.009000
3240 1.011000
3241 1.064000
3242 1.028000
3243 0.991000
3244 1.024000
3245 0.976000
3246 1.060000
3247 1.138000
3248 1.145000
3249 1.054000
3250 1.115000
3251 1.067000
3252 1.141000
3253 1.052000
3254 0.957000
3255 1.018000
3256 1.081000
3257 1.016000
3258 1.027000
3259 1.112000
3260 1.064000
3261 1.012000
3262 1.012000
3263 1.109000
3264 1.169000
3265 1.070000
3266 1.078000
3267 1.111000
3268 1.042000
3269 0.884000
3270 0.873000
3271 0.986000
3272 1.029000
3273 1.060000
3274 1.000000
3275 1.078000
3276 1.045000
3277 0.899000
3278 0.936000
3279 0.893000
3280 0.932000
3281 0.896000
3282 0.983000
3283 0.988000
3284 1.098000
3285 0.956000
3286 0.959000
3287 0.986000
3288 0.984000
3289 0.940000
3290 0.982000
3291 1.050000
3292 1.015000
3293 0.944000
3294 0.947000
3295 1.018000
3296 1.089000
3297 1.063000
3298 1.052000
3299 0.990000
3300 0.983000
3301 0.985000
3302 0.984000
3303 1.052000
3304 1.032000
3305 1.053000
3306 1.059000
3307 0.990000
3308 0.991000
3309 1.037000
3310 0.992000
3311 1.054000
3312 1.060000
3313 0.997000
3314 1.024000
3315 0.980000
3316 1.020000
3317 1.024000
3318 1.011000
3319 0.953000
3320 1.056000
3321 1.096000
3322 0.983000
3323 0.993000
3324 1.108000
3325 0.948000
3326 0.952000
3327 1.002000
3328 1.067000
3329 1.064000
3330 1.101000
3331 1.078000
3332 1.143000
3333 1.099000
3334 0.980000
3335 1.043000
3336 1.186000
3337 1.114000
3338 1.093000
3339 1.107000
3340 1.078000
3341 1.019000
3342 1.029000
3343 1.001000
3344 1.125000
3345 1.096000
3346 1.051000
3347 1.124000
3348 1.130000
3349 1.078000
3350 1.017000
3351 0.971000
3352 1.067000
3353 1.054000
3354 1.010000
3355 1.072000
3356 1.015000
3357 1.093000
3358 1.012000
3359 1.088000
3360 1.067000
3361 1.140000
3362 1.103000
3363 1.066000
3364 1.075000
3365 1.070000
3366 0.920000
3367 1.021000
3368 1.094000
3369 1.094000
3370 1.058000
3371 1.068000
3372 1.070000
3373 1.096000
3374 0.958000
3375 0.968000
3376 1.051000
3377 1.051000
3378 0.972000
3379 1.007000
3380 1.098000
3381 1.102000
3382 0.952000
3383 0.957000
3384 1.003000
3385 1.022000
3386 0.969000
3387 0.967000
3388 1.043000
3389 1.079000
3390 0.899000
3391 0.919000
3392 0.929000
3393 1.051000
3394 1.008000
3395 1.051000
3396 0.993000
3397 1.096000
3398 0.957000
3399 0.929000
3400 0.989000
3401 1.066000
3402 0.991000
3403 1.019000
3404 1.116000
3405 1.066000
3406 1.020000
3407 0.990000
3408 1.060000
3409 1.068000
3410 0.931000
3411 1.074000
3412 1.181000
3413 1.085000
3414 0.914000
3415 0.901000
3416 0.951000
3417 1.063000
3418 1.045000
3419 1.055000
3420 1.032000
3421 1.074000
3422 1.117000
3423 0.959000
3424 1.119000
3425 1.059000
3426 1.041000
3427 1.045000
3428 1.060000
3429 1.043000
3430 1.007000
3431 1.016000
3432 1.083000
3433 0.987000
3434 1.046000
3435 1.067000
3436 1.207000
3437 1.141000
3438 1.010000
3439 1.017000
3440 1.085000
3441 1.006000
3442 1.003000
3443 1.050000
3444 1.183000
3445 1.154000
3446 0.945000
3447 0.995000
3448 0.953000
3449 1.003000
3450 0.999000
3451 0.981000
3452 1.001000
3453 1.145000
3454 1.061000
3455 1.020000
3456 0.991000
3457 1.001000
3458 1.110000
3459 1.002000
3460 1.038000
3461 1.090000
3462 1.071000
3463 0.939000
3464 0.915000
3465 1.057000
3466 1.105000
3467 1.051000
3468 1.050000
3469 1.075000
3470 1.056000
3471 1.025000
3472 0.974000
3473 1.032000
3474 1.069000
3475 0.962000
3476 1.038000
3477 1.086000
3478 1.059000
3479 0.952000
3480 0.952000
3481 0.978000
3482 1.045000
3483 0.956000
3484 1.011000
3485 1.014000
3486 0.974000
3487 0.911000
3488 0.923000
3489 1.008000
3490 0.986000
3491 0.988000
3492 1.051000
3493 1.102000
3494 1.090000
3495 0.955000
3496 1.016000
3497 1.107000
3498 1.137000
3499 1.029000
3500 1.029000
3501 1.167000
3502 1.085000
3503 1.061000
3504 1.068000
3505 0.987000
3506 0.987000
3507 0.965000
3508 1.040000
3509 1.047000
3510 1.021000
3511 0.957000
3512 1.089000
3513 1.051000
3514 1.080000
3515 0.975000
3516 1.066000
3517 1.067000
3518 1.040000
3519 1.061000
3520 1.018000
3521 1.126000
3522 1.066000
3523 0.908000
3524 1.045000
3525 1.117000
3526 1.033000
3527 1.108000
3528 0.994000
3529 1.119000
3530 1.001000
3531 1.021000
3532 1.038000
3533 1.077000
3534 1.105000
3535 0.952000
3536 1.050000
3537 1.047000
3538 1.055000
3539 1.059000
3540 1.060000
3541 1.112000
3542 0.979000
3543 1.025000
3544 0.941000
3545 0.953000
3546 1.011000
3547 1.019000
3548 1.040000
3549 1.081000
3550 1.065000
3551 0.979000
3552 0.950000
3553 1.030000
3554 1.037000
3555 0.949000
3556 0.956000
3557 1.064000
3558 0.992000
3559 0.977000
3560 0.950000
3561 1.086000
3562 1.027000
3563 1.010000
3564 1.024000
3565 0.965000
3566 1.126000
3567 0.994000
3568 0.994000
3569 0.930000
3570 0.938000
3571 0.919000
3572 0.965000
3573 1.093000
3574 1.080000
3575 1.017000
3576 1.021000
3577 0.996000
3578 0.999000
3579 0.925000
3580 0.859000
3581 0.886000
3582 0.966000
3583 0.996000
3584 0.932000
3585 0.970000
3586 0.988000
3587 0.919000
3588 0.970000
3589 0.955000
3590 0.971000
3591 1.096000
3592 0.935000
3593 0.892000
3594 0.976000
3595 0.946000
3596 0.960000
3597 0.932000
3598 1.011000
3599 1.019000
3600 0.905000
3601 0.921000
3602 0.994000
3603 0.984000
3604 0.946000
3605 0.954000
3606 0.992000
3607 0.990000
3608 0.890000
3609 0.937000
3610 0.936000
3611 0.943000
3612 0.963000
3613 0.998000
3614 1.007000
3615 0.993000
3616 0.932000
3617 0.872000
3618 0.997000
3619 0.990000
3620 0.903000
3621 0.992000
3622 1.000000
3623 1.009000
3624 0.931000
3625 0.997000
3626 0.992000
3627 0.993000
3628 0.975000
3629 1.071000
3630 1.040000
3631 1.042000
3632 1.034000
3633 1.012000
3634 1.089000
3635 1.087000
3636 1.036000
3637 1.077000
3638 1.106000
3639 1.175000
3640 1.061000
3641 1.061000
3642 1.041000
3643 0.950000
3644 0.936000
3645 0.977000
3646 1.053000
3647 1.142000
3648 1.041000
3649 1.013000
3650 1.056000
3651 1.092000
3652 0.951000
3653 0.981000
3654 1.055000
3655 1.053000
3656 0.981000
3657 0.986000
3658 1.030000
3659 1.078000
3660 1.033000
3661 1.027000
3662 1.100000
3663 1.122000
3664 0.975000
3665 1.061000
3666 1.107000
3667 1.007000
3668 1.033000
3669 1.049000
3670 1.090000
3671 1.007000
3672 1.131000
3673 0.996000
3674 0.974000
3675 0.992000
3676 0.925000
3677 1.004000
3678 0.945000
3679 1.035000
3680 0.910000
3681 0.945000
3682 0.873000
3683 0.939000
3684 0.967000
3685 1.042000
3686 1.020000
3687 1.003000
3688 0.987000
3689 1.028000
3690 0.981000
3691 1.030000
3692 0.915000
3693 1.040000
3694 0.962000
3695 0.949000
3696 0.921000
3697 0.997000
3698 0.958000
3699 0.934000
3700 0.843000
3701 0.899000
3702 0.866000
3703 0.884000
3704 0.904000
3705 0.935000
3706 0.863000
3707 0.923000
3708 0.943000
3709 0.962000
3710 1.020000
3711 0.917000
3712 0.939000
3713 0.969000
3714 1.052000
3715 0.941000
3716 0.977000
3717 0.965000
3718 0.916000
3719 0.975000
3720 0.903000
3721 0.991000
3722 0.969000
3723 1.005000
3724 0.939000
3725 0.951000
3726 1.030000
3727 0.968000
3728 0.944000
3729 0.959000
3730 1.008000
3731 1.009000
3732 0.946000
3733 0.973000
3734 0.934000
3735 1.031000
3736 0.957000
3737 0.931000
3738 0.976000
3739 0.958000
3740 1.005000
3741 0.962000
3742 0.979000
3743 0.975000
3744 0.990000
3745 0.879000
3746 0.928000
3747 0.994000
3748 0.940000
3749 0.904000
3750 1.031000
3751 1.029000
3752 0.978000
3753 0.992000
3754 1.005000
3755 0.962000
3756 0.961000
3757 0.975000
3758 0.921000
3759 0.979000
3760 1.006000
3761 0.939000
3762 0.945000
3763 1.023000
3764 1.055000
3765 1.035000
3766 0.981000
3767 1.050000
3768 1.007000
3769 0.885000
3770 1.029000
3771 0.981000
3772 0.987000
3773 0.883000
3774 1.032000
3775 0.983000
3776 1.030000
3777 0.961000
3778 0.969000
3779 1.051000
3780 0.990000
3781 0.960000
3782 0.960000
3783 0.894000
3784 1.012000
3785 1.006000
3786 0.969000
3787 1.026000
3788 1.032000
3789 1.007000
3790 0.936000
3791 0.946000
3792 1.057000
3793 0.907000
3794 0.952000
3795 0.981000
3796 0.978000
3797 0.921000
3798 0.980000
3799 1.023000
3800 1.029000
3801 0.926000
3802 0.995000
3803 1.034000
3804 1.055000
3805 1.001000
3806 0.957000
3807 0.963000
3808 1.039000
3809 0.988000
3810 0.951000
3811 1.003000
3812 1.013000
3813 0.967000
3814 1.007000
3815 0.991000
3816 1.053000
3817 0.958000
3818 0.988000
3819 1.004000
3820 0.968000
3821 0.995000
3822 0.992000
3823 1.005000
3824 1.010000
3825 0.962000
3826 0.988000
3827 1.030000
3828 1.034000
3829 1.001000
3830 0.966000
3831 0.976000
3832 0.987000
3833 0.983000
3834 0.992000
3835 0.981000
3836 1.030000
3837 1.067000
3838 0.925000
3839 0.952000
3840 0.979000
3841 0.976000
3842 1.002000
3843 1.007000
3844 0.983000
3845 1.026000
3846 0.910000
3847 0.985000
3848 0.968000
3849 1.028000
3850 0.993000
3851 0.927000
3852 1.012000
3853 0.974000
3854 1.011000
3855 1.030000
3856 1.030000
3857 1.074000
3858 1.008000
3859 0.993000
3860 1.007000
3861 1.019000
3862 1.021000
3863 1.028000
3864 1.025000
3865 1.051000
3866 0.979000
3867 1.032000
3868 0.994000
3869 0.942000
3870 0.948000
3871 1.006000
3872 1.004000
3873 1.010000
3874 1.010000
3875 1.030000
3876 1.033000
3877 1.001000
3878 1.010000
3879 0.970000
3880 1.031000
3881 0.953000
3882 1.002000
3883 0.945000
3884 0.927000
3885 0.936000
3886 0.966000
3887 1.004000
3888 1.011000
3889 1.004000
3890 1.003000
3891 1.030000
3892 0.961000
3893 0.973000
3894 0.991000
3895 1.006000
3896 1.058000
3897 1.014000
3898 0.888000
3899 0.940000
3900 1.029000
3901 1.002000
3902 0.990000
3903 0.945000
3904 1.054000
3905 1.031000
3906 0.949000
3907 0.977000
3908 1.042000
3909 1.052000
3910 0.996000
3911 0.963000
3912 1.021000
3913 1.004000
3914 0.937000
3915 1.058000
3916 0.939000
3917 1.028000
3918 0.966000
3919 1.002000
3920 1.078000
3921 1.101000
3922 0.936000
3923 0.969000
3924 0.963000
3925 1.028000
3926 0.884000
3927 0.884000
3928 1.008000
3929 1.073000
3930 0.941000
3931 0.950000
3932 1.122000
3933 1.055000
3934 1.017000
3935 1.056000
3936 1.186000
3937 1.061000
3938 1.002000
3939 1.033000
3940 1.119000
3941 1.078000
3942 1.051000
3943 1.050000
3944 0.988000
3945 1.007000
3946 1.077000
3947 1.051000
3948 1.004000
3949 1.030000
3950 1.007000
3951 0.973000
3952 0.986000
3953 1.061000
3954 1.005000
3955 1.032000
3956 1.058000
3957 1.026000
3958 1.003000
3959 1.013000
3960 1.037000
3961 1.051000
3962 1.033000
3963 0.978000
3964 1.023000
3965 1.056000
3966 1.060000
3967 0.921000
3968 0.969000
3969 1.078000
3970 1.094000
3971 1.052000
3972 1.033000
3973 1.021000
3974 0.978000
3975 0.989000
3976 1.006000
3977 1.007000
3978 0.957000
3979 0.982000
3980 0.991000
3981 1.000000
3982 1.058000
3983 0.905000
3984 0.967000
3985 1.014000
3986 1.019000
3987 0.981000
3988 1.052000
3989 1.022000
3990 1.039000
3991 0.925000
3992 1.003000
3993 1.006000
3994 1.053000
3995 0.964000
3996 1.013000
3997 0.954000
3998 0.946000
3999 0.929000
4000 1.052000
4001 1.055000
4002 1.058000
4003 0.868000
4004 0.987000
4005 1.020000
4006 1.022000
4007 0.940000
4008 1.034000
4009 1.055000
4010 1.010000
4011 0.966000
4012 1.022000
4013 0.975000
4014 0.982000
4015 1.005000
4016 1.010000
4017 1.078000
4018 1.082000
4019 0.971000
4020 1.025000
4021 1.022000
4022 0.974000
4023 0.972000
4024 0.958000
4025 1.057000
4026 1.079000
4027 0.990000
4028 1.042000
4029 1.079000
4030 1.078000
4031 1.037000
4032 1.023000
4033 1.085000
4034 1.051000
4035 0.962000
4036 1.030000
4037 1.034000
4038 1.051000
4039 1.000000
4040 0.943000
4041 0.956000
4042 1.077000
4043 1.083000
4044 0.986000
4045 1.001000
4046 1.032000
4047 1.012000
4048 0.983000
4049 1.029000
4050 0.944000
4051 1.075000
4052 0.856000
4053 0.929000
4054 1.037000
4055 1.072000
4056 0.936000
4057 0.967000
4058 1.004000
4059 1.037000
4060 0.974000
4061 0.941000
4062 1.029000
4063 0.989000
4064 0.961000
4065 0.924000
4066 1.055000
4067 1.054000
4068 1.032000
4069 0.985000
4070 1.060000
4071 1.032000
4072 0.963000
4073 1.022000
4074 1.033000
4075 1.030000
4076 0.924000
4077 1.003000
4078 1.030000
4079 1.010000
4080 0.958000
4081 1.055000
4082 1.034000
4083 1.093000
4084 1.002000
4085 1.006000
4086 0.971000
4087 1.021000
4088 0.960000
4089 0.984000
4090 1.022000
4091 1.051000
4092 0.995000
4093 0.994000
4094 1.083000
4095 1.033000
4096 1.010000
4097 1.031000
4098 1.023000
4099 1.035000
4100 1.008000
4101 1.055000
4102 1.009000
4103 1.007000
4104 0.898000
4105 1.005000
4106 1.086000
4107 1.030000
4108 0.996000
4109 1.077000
4110 1.004000
4111 1.077000
4112 0.964000
4113 1.034000
4114 0.976000
4115 1.006000
4116 0.951000
4117 0.986000
4118 1.032000
4119 1.077000
4120 1.000000
4121 1.025000
4122 1.026000
4123 1.054000
4124 0.966000
4125 0.965000
4126 1.030000
4127 1.057000
4128 0.967000
4129 0.903000
4130 1.075000
4131 1.020000
4132 0.969000
4133 1.005000
4134 1.078000
4135 1.085000
4136 0.965000
4137 1.030000
4138 1.152000
4139 1.053000
4140 1.015000
4141 1.030000
4142 1.153000
4143 1.105000
4144 1.032000
4145 0.940000
4146 1.029000
4147 1.078000
4148 1.074000
4149 0.975000
4150 0.973000
4151 1.060000
4152 1.061000
4153 1.010000
4154 1.033000
4155 1.087000
4156 1.061000
4157 0.970000
4158 1.010000
4159 1.057000
4160 1.063000
4161 0.951000
4162 0.982000
4163 1.031000
4164 1.121000
4165 1.005000
4166 1.005000
4167 1.078000
4168 1.075000
4169 1.033000
4170 1.034000
4171 1.031000
4172 1.030000
4173 1.007000
4174 0.992000
4175 1.015000
4176 0.963000
4177 0.843000
4178 1.063000
4179 1.059000
4180 1.004000
4181 0.956000
4182 1.036000
4183 1.032000
4184 1.087000
4185 0.903000
4186 1.034000
4187 1.079000
4188 1.034000
4189 0.856000
4190 0.992000
4191 0.990000
4192 1.006000
4193 0.985000
4194 1.078000
4195 0.981000
4196 1.085000
4197 0.933000
4198 0.945000
4199 1.058000
4200 1.021000
4201 0.929000
4202 0.896000
4203 1.005000
4204 0.922000
4205 1.031000
4206 1.009000
4207 1.021000
4208 0.985000
4209 0.980000
4210 1.031000
4211 1.028000
4212 1.030000
4213 1.001000
4214 1.052000
4215 1.058000
4216 0.977000
4217 0.969000
4218 1.002000
4219 0.952000
4220 1.012000
4221 0.964000
4222 1.060000
4223 1.078000
4224 1.011000
4225 1.044000
4226 1.028000
4227 1.121000
4228 1.058000
4229 0.953000
4230 1.037000
4231 1.062000
4232 0.962000
4233 0.953000
4234 0.979000
4235 1.025000
4236 1.033000
4237 1.032000
4238 1.010000
4239 1.006000
4240 1.038000
4241 0.970000
4242 1.005000
4243 1.078000
4244 1.080000
4245 1.051000
4246 0.980000
4247 1.067000
4248 1.004000
4249 0.920000
4250 0.952000
4251 0.971000
4252 0.971000
4253 0.980000
4254 0.992000
4255 0.957000
4256 0.966000
4257 0.971000
4258 0.990000
4259 1.030000
4260 1.029000
4261 1.034000
4262 1.030000
4263 0.960000
4264 1.062000
4265 1.061000
4266 1.033000
4267 0.984000
4268 1.090000
4269 1.085000
4270 0.970000
4271 0.933000
4272 1.032000
4273 0.982000
4274 1.008000
4275 1.006000
4276 1.030000
4277 1.058000
4278 1.032000
4279 0.979000
4280 1.057000
4281 1.040000
4282 0.992000
4283 1.009000
4284 1.018000
4285 0.993000
4286 1.002000
4287 1.008000
4288 0.948000
4289 0.966000
4290 0.978000
4291 1.028000
4292 1.078000
4293 1.029000
4294 0.983000
4295 0.950000
4296 1.030000
4297 1.023000
4298 0.936000
4299 1.005000
4300 1.007000
4301 1.012000
4302 0.969000
4303 0.979000
4304 1.022000
4305 1.032000
4306 1.030000
4307 1.055000
4308 1.105000
4309 1.078000
4310 1.008000
4311 1.037000
4312 1.035000
4313 1.007000
4314 0.983000
4315 1.021000
4316 1.029000
4317 1.032000
4318 0.905000
4319 1.056000
4320 1.004000
4321 1.007000
4322 0.899000
4323 1.020000
4324 1.094000
4325 1.055000
4326 0.935000
4327 1.009000
4328 1.061000
4329 1.024000
4330 0.985000
4331 1.036000
4332 1.103000
4333 1.119000
4334 1.008000
4335 0.961000
4336 1.009000
4337 1.052000
4338 0.936000
4339 1.008000
4340 1.011000
4341 0.979000
4342 1.033000
4343 1.055000
4344 1.079000
4345 1.059000
4346 0.963000
4347 0.973000
4348 1.079000
4349 1.079000
4350 1.043000
4351 0.962000
4352 1.078000
4353 1.082000
4354 1.045000
4355 1.032000
4356 1.100000
4357 1.055000
4358 1.024000
4359 1.001000
4360 1.030000
4361 0.937000
4362 0.969000
4363 0.951000
4364 0.975000
4365 0.985000
4366 1.035000
4367 0.955000
4368 1.031000
4369 1.050000
4370 1.118000
4371 1.020000
4372 1.005000
4373 1.033000
4374 1.119000
4375 1.013000
4376 0.986000
4377 1.079000
4378 1.008000
4379 0.943000
4380 1.012000
4381 1.153000
4382 1.030000
4383 1.024000
4384 0.985000
4385 1.061000
4386 1.036000
4387 1.011000
4388 0.950000
4389 1.006000
4390 0.963000
4391 0.920000
4392 0.958000
4393 1.092000
4394 1.021000
4395 1.002000
4396 1.028000
4397 1.030000
4398 1.030000
4399 0.984000
4400 1.004000
4401 1.016000
4402 1.005000
4403 0.967000
4404 1.033000
4405 0.980000
4406 1.091000
4407 0.981000
4408 1.083000
4409 1.058000
4410 1.052000
4411 0.965000
4412 1.050000
4413 1.099000
4414 1.086000
4415 1.009000
4416 0.974000
4417 1.020000
4418 0.980000
4419 1.006000
4420 1.006000
4421 1.010000
4422 1.068000
4423 0.948000
4424 1.018000
4425 1.062000
4426 1.078000
4427 1.044000
4428 1.020000
4429 1.023000
4430 1.078000
4431 0.965000
4432 1.084000
4433 1.010000
4434 1.014000
4435 1.055000
4436 0.954000
4437 1.058000
4438 1.061000
4439 0.916000
4440 0.981000
4441 1.078000
4442 1.006000
4443 1.014000
4444 0.987000
4445 1.079000
4446 1.092000
4447 1.035000
4448 1.054000
4449 1.031000
4450 1.034000
4451 0.978000
4452 1.055000
4453 1.078000
4454 1.091000
4455 1.074000
4456 1.033000
4457 0.986000
4458 1.013000
4459 0.969000
4460 1.008000
4461 1.152000
4462 0.981000
4463 1.070000
4464 1.067000
4465 1.009000
4466 1.079000
4467 1.020000
4468 0.991000
4469 1.006000
4470 1.019000
4471 1.054000
4472 1.032000
4473 1.030000
4474 1.080000
4475 1.083000
4476 0.947000
4477 0.964000
4478 1.078000
4479 0.998000
4480 0.989000
4481 0.963000
4482 1.036000
4483 1.059000
4484 0.935000
4485 1.005000
4486 1.030000
4487 1.077000
4488 0.892000
4489 0.977000
4490 1.015000
4491 1.007000
4492 0.951000
4493 0.986000
4494 1.091000
4495 1.028000
4496 0.928000
4497 0.976000
4498 1.029000
4499 1.029000
4500 1.006000
4501 0.962000
4502 1.033000
4503 1.057000
4504 0.971000
4505 1.028000
4506 1.059000
4507 1.094000
4508 0.997000
4509 0.987000
4510 1.079000
4511 1.083000
4512 1.029000
4513 1.003000
4514 1.001000
4515 1.007000
4516 0.982000
4517 0.975000
4518 1.057000
4519 1.094000
4520 1.033000
4521 1.028000
4522 1.062000
4523 1.011000
4524 0.994000
4525 1.006000
4526 1.036000
4527 1.006000
4528 1.059000
4529 1.009000
4530 1.068000
4531 1.035000
4532 0.977000
4533 1.066000
4534 0.987000
4535 1.077000
4536 1.034000
4537 1.020000
4538 1.102000
4539 1.074000
4540 0.964000
4541 1.029000
4542 1.083000
4543 1.104000
4544 0.948000
4545 0.986000
4546 1.031000
4547 1.050000
4548 0.987000
4549 0.990000
4550 1.067000
4551 1.083000
4552 0.968000
4553 0.988000
4554 1.095000
4555 0.979000
4556 0.916000
4557 0.986000
4558 1.077000
4559 1.077000
4560 1.036000
4561 1.031000
4562 1.078000
4563 1.078000
4564 0.975000
4565 0.914000
4566 0.971000
4567 1.032000
4568 1.095000
4569 1.029000
4570 0.985000
4571 1.052000
4572 0.950000
4573 0.940000
4574 1.030000
4575 1.082000
4576 1.104000
4577 1.057000
4578 0.968000
4579 1.016000
4580 1.030000
4581 0.943000
4582 0.994000
4583 1.004000
4584 1.054000
4585 0.982000
4586 0.918000
4587 1.009000
4588 1.042000
4589 0.994000
4590 1.001000
4591 1.078000
4592 1.003000
4593 0.962000
4594 0.931000
4595 1.006000
4596 1.012000
4597 0.947000
4598 0.978000
4599 0.991000
4600 0.990000
4601 0.972000
4602 1.008000
4603 1.058000
4604 1.030000
4605 1.031000
4606 0.977000
4607 1.053000
4608 1.090000
4609 0.971000
4610 0.963000
4611 1.019000
4612 1.021000
4613 0.987000
4614 1.055000
4615 1.057000
4616 1.058000
4617 0.984000
4618 1.058000
4619 1.078000
4620 1.030000
4621 1.017000
4622 1.059000
4623 1.050000
4624 1.077000
4625 0.993000
4626 0.982000
4627 1.005000
4628 1.006000
4629 1.012000
4630 1.030000
4631 1.066000
4632 1.032000
4633 0.953000
4634 1.051000
4635 1.091000
4636 1.098000
4637 1.002000
4638 1.020000
4639 1.024000
4640 1.033000
4641 1.035000
4642 1.060000
4643 1.014000
4644 1.029000
4645 1.035000
4646 1.087000
4647 1.078000
4648 1.160000
4649 0.978000
4650 1.081000
4651 1.078000
4652 1.103000
4653 0.971000
4654 1.005000
4655 1.056000
4656 1.063000
4657 1.027000
4658 1.030000
4659 1.140000
4660 1.085000
4661 1.032000
4662 1.029000
4663 1.119000
4664 1.145000
4665 1.014000
4666 1.022000
4667 1.077000
4668 1.029000
4669 1.044000
4670 1.029000
4671 1.081000
4672 1.083000
4673 1.065000
4674 1.054000
4675 1.119000
4676 1.015000
4677 1.006000
4678 1.013000
4679 1.146000
4680 1.032000
4681 1.005000
4682 1.034000
4683 1.027000
4684 1.031000
4685 1.031000
4686 0.925000
4687 1.002000
4688 1.059000
4689 1.056000
4690 0.967000
4691 0.971000
4692 1.012000
4693 0.940000
4694 0.986000
4695 0.996000
4696 1.051000
4697 1.057000
4698 0.994000
4699 1.008000
4700 1.031000
4701 1.032000
4702 1.015000
4703 1.011000
4704 1.005000
4705 1.054000
4706 0.973000
4707 0.909000
4708 1.019000
4709 0.913000
4710 0.949000
4711 1.013000
4712 1.042000
4713 1.046000
4714 1.025000
4715 0.982000
4716 0.983000
4717 1.067000
4718 0.965000
4719 1.023000
4720 1.049000
4721 1.080000
4722 1.035000
4723 0.935000
4724 1.013000
4725 0.960000
4726 0.900000
4727 0.881000
4728 1.036000
4729 1.013000
4730 0.883000
4731 0.964000
4732 1.049000
4733 0.997000
4734 0.873000
4735 1.042000
4736 1.048000
4737 1.049000
4738 0.847000
4739 0.933000
4740 1.067000
4741 1.012000
4742 0.864000
4743 1.001000
4744 1.034000
4745 1.035000
4746 0.911000
4747 0.897000
4748 0.962000
4749 1.021000
4750 1.003000
4751 0.928000
4752 0.992000
4753 1.065000
4754 0.910000
4755 1.029000
4756 1.023000
4757 1.013000
4758 0.998000
4759 1.031000
4760 1.006000
4761 1.020000
4762 0.911000
4763 1.020000
4764 1.028000
4765 1.013000
4766 0.890000
4767 1.022000
4768 1.030000
4769 1.041000
4770 0.947000
4771 0.945000
4772 1.033000
4773 1.029000
4774 0.897000
4775 1.012000
4776 1.085000
4777 1.003000
4778 0.952000
4779 0.957000
4780 1.043000
4781 0.952000
4782 0.915000
4783 0.901000
4784 1.043000
4785 1.046000
4786 1.004000
4787 1.045000
4788 0.930000
4789 1.049000
4790 0.916000
4791 1.046000
4792 1.044000
4793 1.046000
4794 0.939000
4795 0.940000
4796 1.093000
4797 1.022000
4798 1.016000
4799 1.042000
4800 0.993000
4801 1.043000
4802 0.866000
4803 0.953000
4804 1.025000
4805 1.053000
4806 0.951000
4807 1.013000
4808 1.043000
4809 1.080000
4810 1.007000
4811 1.035000
4812 1.059000
4813 1.052000
4814 0.935000
4815 1.026000
4816 1.051000
4817 1.041000
4818 0.958000
4819 0.997000
4820 1.047000
4821 1.045000
4822 0.940000
4823 1.027000
4824 1.055000
4825 1.067000
4826 0.963000
4827 0.997000
4828 0.994000
4829 0.996000
4830 0.994000
4831 1.020000
4832 1.050000
4833 1.137000
4834 0.913000
4835 1.027000
4836 1.118000
4837 1.049000
4838 0.942000
4839 1.046000
4840 1.043000
4841 1.051000
4842 0.983000
4843 0.999000
4844 1.029000
4845 1.051000
4846 0.947000
4847 1.022000
4848 1.043000
4849 1.056000
4850 0.965000
4851 1.005000
4852 1.038000
4853 1.042000
4854 0.936000
4855 1.032000
4856 1.043000
4857 1.043000
4858 1.005000
4859 1.037000
4860 1.030000
4861 1.024000
4862 1.014000
4863 1.043000
4864 1.043000
4865 1.127000
4866 1.016000
4867 1.014000
4868 1.071000
4869 1.051000
4870 1.014000
4871 1.079000
4872 1.022000
4873 1.099000
4874 0.997000
4875 1.072000
4876 1.007000
4877 1.013000
4878 0.944000
4879 1.029000
4880 1.066000
4881 1.072000
4882 0.967000
4883 1.037000
4884 1.095000
4885 1.028000
4886 0.949000
4887 1.025000
4888 1.042000
4889 1.042000
4890 1.006000
4891 1.000000
4892 1.044000
4893 0.954000
4894 0.913000
4895 0.961000
4896 1.044000
4897 1.043000
4898 1.004000
4899 1.043000
4900 1.043000
4901 1.012000
4902 0.942000
4903 0.998000
4904 1.046000
4905 1.086000
4906 0.894000
4907 0.936000
4908 1.042000
4909 0.977000
4910 0.893000
4911 0.965000
4912 1.048000
4913 1.083000
4914 0.885000
4915 1.014000
4916 1.024000
4917 0.984000
4918 0.944000
4919 1.047000
4920 1.042000
4921 1.037000
4922 1.038000
4923 1.012000
4924 1.043000
4925 1.000000
4926 0.981000
4927 0.923000
4928 0.937000
4929 1.044000
4930 0.883000
4931 0.936000
4932 0.927000
4933 0.979000
4934 0.933000
4935 0.953000
4936 1.031000
4937 1.031000
4938 0.931000
4939 0.930000
4940 1.019000
4941 1.020000
4942 0.982000
4943 1.002000
4944 1.004000
4945 1.024000
4946 1.021000
4947 0.943000
4948 1.014000
4949 1.005000
4950 1.017000
4951 0.965000
4952 0.963000
4953 1.070000
4954 0.996000
4955 1.020000
4956 1.031000
4957 1.050000
4958 1.014000
4959 1.014000
4960 1.015000
4961 1.052000
4962 0.996000
4963 0.997000
4964 1.031000
4965 1.052000
4966 0.999000
4967 1.022000
4968 1.033000
4969 1.034000
4970 0.940000
4971 0.934000
4972 1.025000
4973 1.022000
4974 1.025000
4975 1.015000
4976 1.046000
4977 1.037000
4978 0.953000
4979 1.032000
4980 1.031000
4981 1.024000
4982 0.852000
4983 0.929000
4984 1.032000
4985 1.071000
4986 0.998000
4987 1.001000
4988 1.025000
4989 1.054000
4990 0.999000
4991 0.961000
4992 0.967000
4993 0.949000
4994 0.879000
4995 0.933000
4996 0.974000
4997 0.959000
4998 0.918000
4999 0.941000
5000 1.055000
