1 0.608000
2 0.607000
3 0.620000
4 0.592000
5 0.611000
6 0.610000
7 0.604000
8 0.604000
9 0.606000
10 0.603000
11 0.598000
12 0.581000
13 0.575000
14 0.562000
15 0.584000
16 0.639000
17 0.611000
18 0.581000
19 0.572000
20 0.555000
21 0.577000
22 0.615000
23 0.579000
24 0.624000
25 0.629000
26 0.653000
27 0.531000
28 0.596000
29 0.628000
30 0.523000
31 0.630000
32 0.624000
33 0.631000
34 0.614000
35 0.544000
36 0.601000
37 0.631000
38 0.628000
39 0.621000
40 0.637000
41 0.638000
42 0.612000
43 0.538000
44 0.606000
45 0.633000
46 0.632000
47 0.621000
48 0.643000
49 0.631000
50 0.539000
51 0.599000
52 0.602000
53 0.633000
54 0.628000
55 0.621000
56 0.638000
57 0.629000
58 0.667000
59 0.537000
60 0.603000
61 0.631000
62 0.637000
63 0.622000
64 0.638000
65 0.629000
66 0.632000
67 0.547000
68 0.601000
69 0.635000
70 0.620000
71 0.627000
72 0.637000
73 0.627000
74 0.612000
75 0.542000
76 0.567000
77 0.636000
78 0.624000
79 0.621000
80 0.629000
81 0.631000
82 0.630000
83 0.545000
84 0.601000
85 0.626000
86 0.613000
87 0.630000
88 0.634000
89 0.629000
90 0.665000
91 0.546000
92 0.601000
93 0.636000
94 0.621000
95 0.630000
96 0.638000
97 0.626000
98 0.640000
99 0.541000
100 0.597000
101 0.633000
102 0.613000
103 0.619000
104 0.638000
105 0.590000
106 0.541000
107 0.586000
108 0.609000
109 0.631000
110 0.619000
111 0.639000
112 0.633000
113 0.633000
114 0.635000
115 0.541000
116 0.598000
117 0.633000
118 0.615000
119 0.625000
120 0.628000
121 0.627000
122 0.634000
123 0.545000
124 0.601000
125 0.638000
126 0.633000
127 0.600000
128 0.633000
129 0.628000
130 0.662000
131 0.557000
132 0.602000
133 0.628000
134 0.613000
135 0.675000
136 0.634000
137 0.643000
138 0.553000
139 0.559000
140 0.567000
141 0.585000
142 0.574000
143 0.603000
144 0.622000
145 0.627000
146 0.628000
147 0.606000
148 0.544000
149 0.622000
150 0.638000
151 0.569000
152 0.557000
153 0.556000
154 0.560000
155 0.574000
156 0.584000
157 0.580000
158 0.594000
159 0.596000
160 0.499000
161 0.505000
162 0.548000
163 0.530000
164 0.539000
165 0.549000
166 0.559000
167 0.571000
168 0.581000
169 0.554000
170 0.561000
171 0.522000
172 0.583000
173 0.518000
174 0.566000
175 0.514000
176 0.546000
177 0.558000
178 0.513000
179 0.491000
180 0.589000
181 0.560000
182 0.571000
183 0.578000
184 0.535000
185 0.550000
186 0.527000
187 0.538000
188 0.544000
189 0.555000
190 0.566000
191 0.540000
192 0.504000
193 0.560000
194 0.569000
195 0.584000
196 0.587000
197 0.510000
198 0.572000
199 0.597000
200 0.542000
201 0.553000
202 0.565000
203 0.532000
204 0.534000
205 0.553000
206 0.479000
207 0.551000
208 0.519000
209 0.588000
210 0.586000
211 0.568000
212 0.579000
213 0.570000
214 0.566000
215 0.562000
216 0.526000
217 0.556000
218 0.564000
219 0.555000
220 0.547000
221 0.519000
222 0.535000
223 0.549000
224 0.550000
225 0.562000
226 0.572000
227 0.568000
228 0.593000
229 0.573000
230 0.564000
231 0.535000
232 0.604000
233 0.603000
234 0.598000
235 0.611000
236 0.597000
237 0.566000
238 0.604000
239 0.612000
240 0.603000
241 0.605000
242 0.595000
243 0.609000
244 0.596000
245 0.604000
246 0.604000
247 0.607000
248 0.604000
249 0.607000
250 0.601000
251 0.612000
252 0.599000
253 0.598000
254 0.605000
255 0.604000
256 0.612000
257 0.592000
258 0.608000
259 0.548000
260 0.589000
261 0.571000
262 0.593000
263 0.619000
264 0.613000
265 0.626000
266 0.632000
267 0.626000
268 0.542000
269 0.588000
270 0.633000
271 0.628000
272 0.626000
273 0.629000
274 0.627000
275 0.626000
276 0.537000
277 0.601000
278 0.628000
279 0.619000
280 0.609000
281 0.621000
282 0.632000
283 0.629000
284 0.550000
285 0.596000
286 0.633000
287 0.618000
288 0.611000
289 0.630000
290 0.629000
291 0.631000
292 0.541000
293 0.599000
294 0.625000
295 0.620000
296 0.618000
297 0.628000
298 0.630000
299 0.623000
300 0.545000
301 0.601000
302 0.625000
303 0.622000
304 0.592000
305 0.628000
306 0.631000
307 0.631000
308 0.547000
309 0.603000
310 0.585000
311 0.587000
312 0.597000
313 0.638000
314 0.629000
315 0.661000
316 0.599000
317 0.605000
318 0.629000
319 0.617000
320 0.609000
321 0.628000
322 0.629000
323 0.656000
324 0.534000
325 0.597000
326 0.553000
327 0.525000
328 0.626000
329 0.623000
330 0.635000
331 0.624000
332 0.584000
333 0.594000
334 0.627000
335 0.626000
336 0.550000
337 0.543000
338 0.626000
339 0.626000
340 0.586000
341 0.589000
342 0.636000
343 0.624000
344 0.681000
345 0.636000
346 0.572000
347 0.549000
348 0.585000
349 0.569000
350 0.595000
351 0.596000
352 0.602000
353 0.614000
354 0.627000
355 0.625000
356 0.644000
357 0.601000
358 0.637000
359 0.632000
360 0.560000
361 0.569000
362 0.558000
363 0.568000
364 0.572000
365 0.583000
366 0.614000
367 0.615000
368 0.621000
369 0.635000
370 0.636000
371 0.640000
372 0.531000
373 0.539000
374 0.552000
375 0.562000
376 0.575000
377 0.583000
378 0.532000
379 0.561000
380 0.598000
381 0.495000
382 0.511000
383 0.555000
384 0.565000
385 0.575000
386 0.547000
387 0.559000
388 0.575000
389 0.617000
390 0.589000
391 0.600000
392 0.608000
393 0.619000
394 0.556000
395 0.552000
396 0.531000
397 0.573000
398 0.582000
399 0.593000
400 0.604000
401 0.614000
402 0.624000
403 0.601000
404 0.590000
405 0.605000
406 0.599000
407 0.612000
408 0.606000
409 0.619000
410 0.561000
411 0.563000
412 0.577000
413 0.580000
414 0.594000
415 0.601000
416 0.579000
417 0.622000
418 0.630000
419 0.610000
420 0.601000
421 0.598000
422 0.604000
423 0.516000
424 0.566000
425 0.590000
426 0.602000
427 0.604000
428 0.600000
429 0.605000
430 0.600000
431 0.603000
432 0.559000
433 0.600000
434 0.637000
435 0.608000
436 0.603000
437 0.597000
438 0.603000
439 0.602000
440 0.598000
441 0.559000
442 0.604000
443 0.602000
444 0.595000
445 0.605000
446 0.604000
447 0.609000
448 0.594000
449 0.592000
450 0.605000
451 0.606000
452 0.593000
453 0.604000
454 0.606000
455 0.604000
456 0.593000
457 0.593000
458 0.600000
459 0.596000
460 0.580000
461 0.603000
462 0.599000
463 0.604000
464 0.603000
465 0.524000
466 0.545000
467 0.602000
468 0.604000
469 0.599000
470 0.598000
471 0.606000
472 0.601000
473 0.599000
474 0.603000
475 0.602000
476 0.612000
477 0.603000
478 0.594000
479 0.606000
480 0.609000
481 0.588000
482 0.600000
483 0.602000
484 0.599000
485 0.598000
486 0.603000
487 0.609000
488 0.600000
489 0.586000
490 0.607000
491 0.602000
492 0.601000
493 0.598000
494 0.602000
495 0.601000
496 0.596000
497 0.594000
498 0.605000
499 0.599000
500 0.603000
501 0.604000
502 0.598000
503 0.605000
504 0.596000
505 0.589000
506 0.600000
507 0.612000
508 0.602000
509 0.599000
510 0.597000
511 0.611000
512 0.602000
513 0.585000
514 0.601000
515 0.553000
516 0.572000
517 0.516000
518 0.597000
519 0.607000
520 0.599000
521 0.586000
522 0.604000
523 0.605000
524 0.594000
525 0.606000
526 0.604000
527 0.604000
528 0.594000
529 0.590000
530 0.603000
531 0.602000
532 0.591000
533 0.604000
534 0.602000
535 0.600000
536 0.593000
537 0.585000
538 0.586000
539 0.599000
540 0.605000
541 0.603000
542 0.606000
543 0.602000
544 0.603000
545 0.584000
546 0.613000
547 0.607000
548 0.600000
549 0.586000
550 0.606000
551 0.607000
552 0.597000
553 0.599000
554 0.606000
555 0.518000
556 0.529000
557 0.600000
558 0.597000
559 0.607000
560 0.605000
561 0.587000
562 0.603000
563 0.605000
564 0.605000
565 0.601000
566 0.599000
567 0.609000
568 0.603000
569 0.599000
570 0.603000
571 0.604000
572 0.601000
573 0.608000
574 0.605000
575 0.602000
576 0.601000
577 0.607000
578 0.600000
579 0.599000
580 0.601000
581 0.591000
582 0.601000
583 0.603000
584 0.595000
585 0.605000
586 0.606000
587 0.604000
588 0.606000
589 0.599000
590 0.607000
591 0.602000
592 0.601000
593 0.598000
594 0.610000
595 0.601000
596 0.604000
597 0.603000
598 0.608000
599 0.605000
600 0.600000
601 0.594000
602 0.601000
603 0.602000
604 0.606000
605 0.600000
606 0.605000
607 0.604000
608 0.596000
609 0.602000
610 0.602000
611 0.601000
612 0.610000
613 0.570000
614 0.586000
615 0.552000
616 0.562000
617 0.608000
618 0.584000
619 0.554000
620 0.616000
621 0.612000
622 0.585000
623 0.600000
624 0.602000
625 0.637000
626 0.610000
627 0.576000
628 0.553000
629 0.558000
630 0.563000
631 0.579000
632 0.568000
633 0.609000
634 0.626000
635 0.630000
636 0.637000
637 0.585000
638 0.589000
639 0.631000
640 0.647000
641 0.616000
642 0.627000
643 0.627000
644 0.646000
645 0.589000
646 0.591000
647 0.631000
648 0.645000
649 0.599000
650 0.630000
651 0.630000
652 0.651000
653 0.581000
654 0.607000
655 0.632000
656 0.637000
657 0.624000
658 0.632000
659 0.631000
660 0.546000
661 0.596000
662 0.595000
663 0.634000
664 0.650000
665 0.591000
666 0.627000
667 0.633000
668 0.643000
669 0.589000
670 0.604000
671 0.587000
672 0.584000
673 0.600000
674 0.632000
675 0.635000
676 0.646000
677 0.553000
678 0.602000
679 0.628000
680 0.649000
681 0.626000
682 0.626000
683 0.626000
684 0.643000
685 0.588000
686 0.599000
687 0.635000
688 0.646000
689 0.590000
690 0.642000
691 0.628000
692 0.643000
693 0.591000
694 0.603000
695 0.630000
696 0.652000
697 0.599000
698 0.634000
699 0.628000
700 0.642000
701 0.584000
702 0.600000
703 0.629000
704 0.645000
705 0.591000
706 0.627000
707 0.631000
708 0.646000
709 0.585000
710 0.599000
711 0.634000
712 0.644000
713 0.614000
714 0.633000
715 0.633000
716 0.628000
717 0.576000
718 0.591000
719 0.642000
720 0.647000
721 0.587000
722 0.627000
723 0.633000
724 0.576000
725 0.587000
726 0.601000
727 0.631000
728 0.641000
729 0.590000
730 0.632000
731 0.636000
732 0.577000
733 0.585000
734 0.604000
735 0.628000
736 0.643000
737 0.614000
738 0.632000
739 0.629000
740 0.642000
741 0.589000
742 0.602000
743 0.630000
744 0.650000
745 0.591000
746 0.630000
747 0.634000
748 0.646000
749 0.584000
750 0.608000
751 0.628000
752 0.551000
753 0.551000
754 0.640000
755 0.628000
756 0.639000
757 0.592000
758 0.598000
759 0.625000
760 0.641000
761 0.592000
762 0.625000
763 0.630000
764 0.645000
765 0.588000
766 0.599000
767 0.634000
768 0.648000
769 0.599000
770 0.638000
771 0.627000
772 0.644000
773 0.579000
774 0.577000
775 0.590000
776 0.566000
777 0.636000
778 0.582000
779 0.594000
780 0.604000
781 0.613000
782 0.623000
783 0.635000
784 0.627000
785 0.571000
786 0.619000
787 0.555000
788 0.566000
789 0.572000
790 0.584000
791 0.596000
792 0.605000
793 0.621000
794 0.627000
795 0.628000
796 0.633000
797 0.599000
798 0.560000
799 0.637000
800 0.630000
801 0.602000
802 0.584000
803 0.550000
804 0.559000
805 0.575000
806 0.586000
807 0.592000
808 0.604000
809 0.573000
810 0.589000
811 0.595000
812 0.605000
813 0.543000
814 0.553000
815 0.604000
816 0.611000
817 0.584000
818 0.595000
819 0.605000
820 0.617000
821 0.586000
822 0.599000
823 0.604000
824 0.613000
825 0.573000
826 0.580000
827 0.592000
828 0.603000
829 0.577000
830 0.585000
831 0.596000
832 0.607000
833 0.617000
834 0.670000
835 0.601000
836 0.611000
837 0.605000
838 0.614000
839 0.552000
840 0.562000
841 0.574000
842 0.498000
843 0.622000
844 0.605000
845 0.615000
846 0.593000
847 0.592000
848 0.605000
849 0.582000
850 0.547000
851 0.563000
852 0.561000
853 0.566000
854 0.592000
855 0.588000
856 0.483000
857 0.521000
858 0.519000
859 0.568000
860 0.556000
861 0.570000
862 0.587000
863 0.513000
864 0.586000
865 0.583000
866 0.544000
867 0.588000
868 0.591000
869 0.572000
870 0.583000
871 0.570000
872 0.584000
873 0.566000
874 0.554000
875 0.592000
876 0.586000
877 0.571000
878 0.587000
879 0.546000
880 0.522000
881 0.485000
882 0.552000
883 0.549000
884 0.553000
885 0.572000
886 0.587000
887 0.565000
888 0.478000
889 0.568000
890 0.545000
891 0.565000
892 0.588000
893 0.570000
894 0.583000
895 0.589000
896 0.591000
897 0.567000
898 0.555000
899 0.562000
900 0.590000
901 0.567000
902 0.598000
903 0.516000
904 0.586000
905 0.572000
906 0.552000
907 0.591000
908 0.585000
909 0.571000
910 0.557000
911 0.580000
912 0.585000
913 0.566000
914 0.547000
915 0.586000
916 0.563000
917 0.570000
918 0.561000
919 0.583000
920 0.591000
921 0.565000
922 0.552000
923 0.556000
924 0.563000
925 0.570000
926 0.584000
927 0.557000
928 0.590000
929 0.566000
930 0.559000
931 0.595000
932 0.587000
933 0.567000
934 0.584000
935 0.585000
936 0.586000
937 0.570000
938 0.551000
939 0.550000
940 0.543000
941 0.521000
942 0.540000
943 0.599000
944 0.584000
945 0.567000
946 0.546000
947 0.550000
948 0.593000
949 0.520000
950 0.581000
951 0.516000
952 0.582000
953 0.563000
954 0.553000
955 0.592000
956 0.594000
957 0.527000
958 0.588000
959 0.555000
960 0.543000
961 0.520000
962 0.553000
963 0.589000
964 0.589000
965 0.524000
966 0.586000
967 0.582000
968 0.594000
969 0.564000
970 0.549000
971 0.567000
972 0.555000
973 0.569000
974 0.581000
975 0.586000
976 0.595000
977 0.570000
978 0.548000
979 0.572000
980 0.590000
981 0.566000
982 0.589000
983 0.587000
984 0.594000
985 0.565000
986 0.559000
987 0.597000
988 0.558000
989 0.564000
990 0.590000
991 0.587000
992 0.591000
993 0.517000
994 0.516000
995 0.590000
996 0.599000
997 0.528000
998 0.585000
999 0.556000
1000 0.591000
1001 0.571000
1002 0.557000
1003 0.594000
1004 0.589000
1005 0.571000
1006 0.587000
1007 0.559000
1008 0.590000
1009 0.572000
1010 0.556000
1011 0.587000
1012 0.559000
1013 0.500000
1014 0.587000
1015 0.585000
1016 0.474000
1017 0.477000
1018 0.597000
1019 0.588000
1020 0.565000
1021 0.553000
1022 0.581000
1023 0.561000
1024 0.592000
1025 0.554000
1026 0.550000
1027 0.594000
1028 0.589000
1029 0.545000
1030 0.596000
1031 0.585000
1032 0.516000
1033 0.521000
1034 0.555000
1035 0.563000
1036 0.559000
1037 0.553000
1038 0.593000
1039 0.585000
1040 0.583000
1041 0.571000
1042 0.550000
1043 0.585000
1044 0.563000
1045 0.568000
1046 0.588000
1047 0.555000
1048 0.596000
1049 0.571000
1050 0.581000
1051 0.587000
1052 0.570000
1053 0.482000
1054 0.555000
1055 0.584000
1056 0.589000
1057 0.566000
1058 0.552000
1059 0.562000
1060 0.560000
1061 0.572000
1062 0.590000
1063 0.558000
1064 0.589000
1065 0.583000
1066 0.595000
1067 0.551000
1068 0.548000
1069 0.556000
1070 0.525000
1071 0.665000
1072 3.279000
1073 2.292000
1074 1.303000
1075 1.120000
1076 0.964000
1077 0.940000
1078 1.687000
1079 0.878000
1080 0.678000
1081 1.397000
1082 0.907000
1083 1.372000
1084 1.134000
1085 1.107000
1086 1.362000
1087 1.098000
1088 1.073000
1089 1.317000
1090 0.827000
1091 1.042000
1092 1.043000
1093 0.786000
1094 0.762000
1095 1.240000
1096 1.206000
1097 0.980000
1098 0.950000
1099 1.142000
1100 0.920000
1101 0.611000
1102 1.081000
1103 0.842000
1104 1.287000
1105 1.279000
1106 1.227000
1107 1.215000
1108 1.445000
1109 1.001000
1110 1.198000
1111 0.734000
1112 1.175000
1113 0.652000
1114 0.952000
1115 1.408000
1116 0.660000
1117 0.916000
1118 0.647000
1119 0.366000
1120 0.415000
1121 0.424000
1122 0.536000
1123 0.447000
1124 0.498000
1125 0.595000
1126 0.481000
1127 0.526000
1128 0.497000
1129 0.555000
1130 0.520000
1131 0.609000
1132 0.498000
1133 0.500000
1134 0.510000
1135 0.523000
1136 0.580000
1137 0.592000
1138 0.556000
1139 0.563000
1140 0.499000
1141 0.508000
1142 0.520000
1143 0.530000
1144 0.501000
1145 0.512000
1146 0.592000
1147 0.561000
1148 0.520000
1149 0.495000
1150 0.505000
1151 0.506000
1152 0.556000
1153 0.527000
1154 0.523000
1155 0.549000
1156 0.559000
1157 0.444000
1158 0.581000
1159 0.551000
1160 0.550000
1161 0.486000
1162 0.495000
1163 0.504000
1164 0.515000
1165 0.601000
1166 0.486000
1167 0.506000
1168 0.518000
1169 0.561000
1170 0.533000
1171 0.529000
1172 3.065000
1173 2.078000
1174 1.090000
1175 1.058000
1176 1.290000
1177 1.252000
1178 1.029000
1179 1.232000
1180 1.230000
1181 0.963000
1182 1.197000
1183 1.445000
1184 1.180000
1185 1.677000
1186 1.434000
1187 1.397000
1188 1.149000
1189 1.132000
1190 1.133000
1191 1.109000
1192 1.104000
1193 1.089000
1194 1.590000
1195 2.052000
1196 1.787000
1197 1.760000
1198 1.997000
1199 1.728000
1200 1.977000
1201 0.991000
1202 0.707000
1203 0.483000
1204 0.425000
1205 0.356000
1206 0.485000
1207 0.469000
1208 0.477000
1209 0.530000
1210 0.517000
1211 0.547000
1212 0.530000
1213 0.552000
1214 0.521000
1215 0.514000
1216 0.554000
1217 0.553000
1218 0.533000
1219 0.559000
1220 0.590000
1221 0.528000
1222 0.532000
1223 0.614000
1224 0.525000
1225 0.568000
1226 0.531000
1227 0.528000
1228 0.606000
1229 0.534000
1230 0.574000
1231 0.539000
1232 0.535000
1233 0.611000
1234 0.488000
1235 0.533000
1236 0.541000
1237 0.492000
1238 0.539000
1239 0.535000
1240 0.574000
1241 0.572000
1242 0.578000
1243 0.571000
1244 0.538000
1245 0.657000
1246 0.532000
1247 0.531000
1248 0.605000
1249 0.532000
1250 0.581000
1251 0.568000
1252 0.610000
1253 0.530000
1254 0.537000
1255 0.623000
1256 0.534000
1257 0.578000
1258 0.579000
1259 0.640000
1260 0.523000
1261 0.502000
1262 0.506000
1263 0.619000
1264 0.612000
1265 0.533000
1266 0.573000
1267 0.573000
1268 0.533000
1269 0.544000
1270 0.545000
1271 0.515000
1272 0.533000
1273 4.193000
1274 3.186000
1275 2.190000
1276 1.682000
1277 1.879000
1278 2.341000
1279 1.845000
1280 2.281000
1281 2.280000
1282 2.514000
1283 2.496000
1284 2.465000
1285 2.952000
1286 2.418000
1287 2.925000
1288 2.634000
1289 2.391000
1290 3.076000
1291 3.055000
1292 3.063000
1293 3.027000
1294 3.199000
1295 3.211000
1296 3.175000
1297 2.954000
1298 2.931000
1299 1.937000
1300 0.942000
1301 0.672000
1302 0.411000
1303 0.359000
1304 0.404000
1305 0.392000
1306 0.489000
1307 0.518000
1308 0.636000
1309 0.605000
1310 0.566000
1311 0.603000
1312 0.531000
1313 0.538000
1314 0.534000
1315 0.574000
1316 0.541000
1317 0.573000
1318 0.533000
1319 0.503000
1320 0.533000
1321 0.576000
1322 0.576000
1323 0.575000
1324 0.543000
1325 0.613000
1326 0.535000
1327 0.502000
1328 0.533000
1329 0.537000
1330 0.532000
1331 0.524000
1332 0.539000
1333 0.614000
1334 0.533000
1335 0.490000
1336 0.537000
1337 0.578000
1338 0.528000
1339 0.539000
1340 0.615000
1341 0.538000
1342 0.535000
1343 0.536000
1344 0.576000
1345 0.533000
1346 0.537000
1347 0.574000
1348 0.536000
1349 0.535000
1350 0.602000
1351 0.586000
1352 0.577000
1353 0.539000
1354 0.536000
1355 0.536000
1356 0.532000
1357 0.532000
1358 0.532000
1359 0.570000
1360 0.486000
1361 0.572000
1362 0.526000
1363 0.533000
1364 0.539000
1365 0.540000
1366 0.564000
1367 0.491000
1368 0.610000
1369 0.528000
1370 0.497000
1371 0.533000
1372 0.535000
1373 5.102000
1374 4.093000
1375 3.264000
1376 3.063000
1377 3.276000
1378 3.225000
1379 3.732000
1380 3.458000
1381 3.696000
1382 3.926000
1383 3.887000
1384 3.894000
1385 3.629000
1386 2.632000
1387 1.636000
1388 0.634000
1389 4.524000
1390 4.505000
1391 3.512000
1392 2.516000
1393 3.691000
1394 2.697000
1395 3.437000
1396 2.430000
1397 4.102000
1398 3.092000
1399 2.097000
1400 1.589000
1401 0.594000
1402 0.527000
1403 0.461000
1404 0.387000
1405 0.385000
1406 0.514000
1407 0.600000
1408 0.519000
1409 0.559000
1410 0.554000
1411 0.569000
1412 0.610000
1413 0.573000
1414 0.549000
1415 0.571000
1416 0.574000
1417 0.575000
1418 0.557000
1419 0.532000
1420 0.577000
1421 0.551000
1422 0.574000
1423 0.505000
1424 0.503000
1425 0.528000
1426 0.533000
1427 0.572000
1428 0.525000
1429 0.615000
1430 0.530000
1431 0.489000
1432 0.534000
1433 0.534000
1434 0.531000
1435 0.447000
1436 0.534000
1437 0.541000
1438 0.536000
1439 0.490000
1440 0.533000
1441 0.530000
1442 0.565000
1443 0.506000
1444 0.535000
1445 0.536000
1446 0.534000
1447 0.573000
1448 0.535000
1449 0.534000
1450 0.530000
1451 0.531000
1452 0.528000
1453 0.493000
1454 0.571000
1455 0.582000
1456 0.573000
1457 0.533000
1458 0.532000
1459 0.532000
1460 0.533000
1461 0.530000
1462 0.562000
1463 0.489000
1464 0.502000
1465 0.574000
1466 0.529000
1467 0.524000
1468 0.535000
1469 0.534000
1470 0.530000
1471 0.489000
1472 0.613000
1473 5.875000
1474 5.095000
1475 4.344000
1476 3.838000
1477 3.808000
1478 3.799000
1479 4.247000
1480 4.475000
1481 4.690000
1482 4.434000
1483 4.440000
1484 4.649000
1485 4.405000
1486 4.387000
1487 4.613000
1488 5.312000
1489 5.049000
1490 4.558000
1491 5.232000
1492 4.996000
1493 4.979000
1494 5.168000
1495 5.175000
1496 4.182000
1497 3.184000
1498 2.188000
1499 1.193000
1500 0.662000
1501 0.474000
1502 0.471000
1503 0.482000
1504 0.597000
1505 0.518000
1506 0.540000
1507 0.529000
1508 0.532000
1509 0.566000
1510 0.553000
1511 0.534000
1512 0.612000
1513 0.540000
1514 0.570000
1515 0.612000
1516 0.611000
1517 0.569000
1518 0.531000
1519 0.601000
1520 0.572000
1521 0.535000
1522 0.532000
1523 0.614000
1524 0.571000
1525 0.523000
1526 0.526000
1527 0.569000
1528 0.535000
1529 0.534000
1530 0.546000
1531 0.618000
1532 0.577000
1533 0.526000
1534 0.533000
1535 0.570000
1536 0.533000
1537 0.532000
1538 0.592000
1539 0.535000
1540 0.612000
1541 0.570000
1542 0.527000
1543 0.534000
1544 0.573000
1545 0.609000
1546 0.531000
1547 0.533000
1548 0.617000
1549 0.567000
1550 0.524000
1551 0.526000
1552 0.605000
1553 0.568000
1554 0.483000
1555 0.531000
1556 0.562000
1557 0.567000
1558 0.525000
1559 0.532000
1560 0.611000
1561 0.533000
1562 0.594000
1563 0.531000
1564 0.627000
1565 0.568000
1566 0.544000
1567 0.487000
1568 0.602000
1569 0.570000
1570 0.531000
1571 0.538000
1572 0.540000
1573 7.311000
1574 6.302000
1575 5.305000
1576 5.289000
1577 5.538000
1578 5.715000
1579 5.960000
1580 5.939000
1581 5.912000
1582 5.901000
1583 5.884000
1584 6.051000
1585 5.838000
1586 6.047000
1587 6.030000
1588 6.755000
1589 6.500000
1590 6.450000
1591 6.666000
1592 6.670000
1593 6.642000
1594 6.144000
1595 5.149000
1596 4.148000
1597 3.151000
1598 2.155000
1599 1.157000
1600 0.602000
1601 0.396000
1602 0.397000
1603 0.399000
1604 0.399000
1605 0.486000
1606 0.512000
1607 0.611000
1608 0.531000
1609 0.611000
1610 0.521000
1611 0.529000
1612 0.623000
1613 0.640000
1614 0.524000
1615 0.572000
1616 0.533000
1617 0.528000
1618 0.592000
1619 0.541000
1620 0.579000
1621 0.538000
1622 0.532000
1623 0.584000
1624 0.468000
1625 0.545000
1626 0.539000
1627 0.595000
1628 0.586000
1629 0.507000
1630 0.528000
1631 0.597000
1632 0.520000
1633 0.557000
1634 0.538000
1635 0.608000
1636 0.525000
1637 0.533000
1638 0.564000
1639 0.566000
1640 0.576000
1641 0.532000
1642 0.567000
1643 0.574000
1644 0.535000
1645 0.587000
1646 0.542000
1647 0.580000
1648 0.532000
1649 0.529000
1650 0.599000
1651 0.528000
1652 0.585000
1653 0.539000
1654 0.543000
1655 0.613000
1656 0.501000
1657 0.586000
1658 0.548000
1659 0.531000
1660 0.616000
1661 0.532000
1662 0.555000
1663 0.503000
1664 0.504000
1665 0.571000
1666 0.599000
1667 0.572000
1668 0.571000
1669 0.572000
1670 0.566000
1671 0.535000
1672 0.536000
1673 8.833000
1674 7.824000
1675 6.828000
1676 7.011000
1677 6.992000
1678 6.950000
1679 6.906000
1680 7.137000
1681 7.384000
1682 6.863000
1683 7.078000
1684 7.063000
1685 7.040000
1686 7.050000
1687 7.754000
1688 7.508000
1689 7.469000
1690 7.715000
1691 8.155000
1692 8.123000
1693 7.663000
1694 6.655000
1695 5.659000
1696 4.664000
1697 3.668000
1698 2.671000
1699 1.676000
1700 0.856000
1701 0.427000
1702 0.393000
1703 0.394000
1704 0.398000
1705 0.439000
1706 0.548000
1707 0.530000
1708 0.537000
1709 0.574000
1710 0.524000
1711 0.538000
1712 0.622000
1713 0.552000
1714 0.566000
1715 0.546000
1716 0.636000
1717 0.499000
1718 0.500000
1719 0.574000
1720 0.534000
1721 0.531000
1722 0.520000
1723 0.542000
1724 0.505000
1725 0.499000
1726 0.562000
1727 0.551000
1728 0.543000
1729 0.600000
1730 0.536000
1731 0.513000
1732 0.515000
1733 0.560000
1734 0.532000
1735 0.483000
1736 0.579000
1737 0.527000
1738 0.539000
1739 0.573000
1740 0.526000
1741 0.585000
1742 0.540000
1743 0.542000
1744 0.578000
1745 0.537000
1746 0.577000
1747 0.535000
1748 0.616000
1749 0.539000
1750 0.544000
1751 0.568000
1752 0.502000
1753 0.581000
1754 0.492000
1755 0.492000
1756 0.570000
1757 0.532000
1758 0.574000
1759 0.501000
1760 0.585000
1761 0.532000
1762 0.540000
1763 0.569000
1764 0.534000
1765 0.568000
1766 0.545000
1767 0.535000
1768 0.568000
1769 0.538000
1770 0.573000
1771 0.530000
1772 0.586000
1773 0.530000
1774 9.940000
1775 9.156000
1776 8.425000
1777 8.408000
1778 7.863000
1779 8.339000
1780 8.283000
1781 8.269000
1782 8.509000
1783 8.460000
1784 8.447000
1785 8.447000
1786 8.384000
1787 8.413000
1788 8.893000
1789 8.872000
1790 9.077000
1791 9.064000
1792 9.310000
1793 8.317000
1794 7.321000
1795 6.308000
1796 5.313000
1797 4.310000
1798 3.314000
1799 2.319000
1800 1.322000
1801 1.027000
1802 0.677000
1803 0.363000
1804 0.370000
1805 0.427000
1806 0.547000
1807 0.565000
1808 0.492000
1809 0.654000
1810 0.594000
1811 0.504000
1812 0.544000
1813 0.516000
1814 0.557000
1815 0.565000
1816 0.616000
1817 0.572000
1818 0.548000
1819 0.570000
1820 0.572000
1821 0.531000
1822 0.595000
1823 0.496000
1824 0.499000
1825 0.561000
1826 0.545000
1827 0.574000
1828 0.529000
1829 0.584000
1830 0.543000
1831 0.500000
1832 0.571000
1833 0.528000
1834 0.558000
1835 0.528000
1836 0.564000
1837 0.574000
1838 0.595000
1839 0.502000
1840 0.616000
1841 0.535000
1842 0.540000
1843 0.620000
1844 0.538000
1845 0.530000
1846 0.558000
1847 0.576000
1848 0.532000
1849 0.621000
1850 0.556000
1851 0.530000
1852 0.530000
1853 0.568000
1854 0.542000
1855 0.499000
1856 0.573000
1857 0.528000
1858 0.583000
1859 0.526000
1860 0.530000
1861 0.571000
1862 0.545000
1863 0.577000
1864 0.496000
1865 0.586000
1866 0.539000
1867 0.529000
1868 0.571000
1869 0.530000
1870 0.555000
1871 0.501000
1872 0.582000
1873 0.529000
1874 11.191000
1875 10.195000
1876 9.184000
1877 9.150000
1878 9.119000
1879 9.586000
1880 9.565000
1881 9.282000
1882 9.529000
1883 9.749000
1884 9.487000
1885 9.928000
1886 10.151000
1887 10.123000
1888 10.096000
1889 9.858000
1890 9.844000
1891 10.042000
1892 9.592000
1893 8.598000
1894 7.603000
1895 6.607000
1896 5.611000
1897 4.616000
1898 3.606000
1899 2.609000
1900 1.613000
1901 0.788000
1902 0.518000
1903 0.490000
1904 0.387000
1905 0.463000
1906 0.589000
1907 0.558000
1908 0.511000
1909 0.586000
1910 0.525000
1911 0.533000
1912 0.612000
1913 0.613000
1914 0.533000
1915 0.541000
1916 0.549000
1917 0.504000
1918 0.586000
1919 0.546000
1920 0.603000
1921 0.544000
1922 0.531000
1923 0.602000
1924 0.512000
1925 0.572000
1926 0.522000
1927 0.489000
1928 0.568000
1929 0.519000
1930 0.586000
1931 0.527000
1932 0.571000
1933 0.526000
1934 0.574000
1935 0.569000
1936 0.499000
1937 0.573000
1938 0.532000
1939 0.587000
1940 0.529000
1941 0.616000
1942 0.550000
1943 0.493000
1944 0.583000
1945 0.500000
1946 0.548000
1947 0.530000
1948 0.572000
1949 0.531000
1950 0.548000
1951 0.491000
1952 0.571000
1953 0.567000
1954 0.534000
1955 0.526000
1956 0.588000
1957 0.570000
1958 0.534000
1959 0.500000
1960 0.612000
1961 0.527000
1962 0.530000
1963 0.618000
1964 0.527000
1965 0.616000
1966 0.537000
1967 0.489000
1968 0.572000
1969 0.533000
1970 0.548000
1971 0.528000
1972 0.617000
1973 0.529000
1974 7.302000
1975 11.730000
1976 10.735000
1977 10.450000
1978 10.156000
1979 10.407000
1980 10.589000
1981 10.829000
1982 10.812000
1983 11.046000
1984 10.999000
1985 10.759000
1986 10.707000
1987 10.698000
1988 10.683000
1989 10.647000
1990 11.612000
1991 10.910000
1992 9.916000
1993 8.921000
1994 7.914000
1995 6.917000
1996 5.922000
1997 4.924000
1998 3.929000
1999 2.932000
2000 1.935000
2001 0.937000
2002 0.827000
2003 0.538000
2004 0.457000
2005 0.398000
2006 0.509000
2007 0.651000
2008 0.461000
2009 0.582000
2010 0.496000
2011 0.592000
2012 0.633000
2013 0.659000
2014 0.674000
2015 0.679000
2016 0.555000
2017 0.639000
2018 0.512000
2019 0.660000
2020 0.675000
2021 0.555000
2022 0.536000
2023 0.605000
2024 0.546000
2025 0.517000
2026 0.636000
2027 0.483000
2028 0.573000
2029 0.517000
2030 0.534000
2031 0.558000
2032 0.533000
2033 0.565000
2034 0.581000
2035 0.570000
2036 0.566000
2037 0.557000
2038 0.618000
2039 0.497000
2040 0.504000
2041 0.569000
2042 0.559000
2043 0.528000
2044 0.527000
2045 0.564000
2046 0.490000
2047 0.491000
2048 0.618000
2049 0.564000
2050 0.532000
2051 0.520000
2052 0.528000
2053 0.530000
2054 0.547000
2055 0.455000
2056 0.535000
2057 0.517000
2058 0.547000
2059 0.591000
2060 0.529000
2061 0.567000
2062 0.534000
2063 0.563000
2064 0.495000
2065 0.573000
2066 0.593000
2067 0.616000
2068 0.530000
2069 0.531000
2070 0.535000
2071 0.492000
2072 0.562000
2073 0.519000
2074 2.192000
2075 13.264000
2076 12.255000
2077 11.246000
2078 11.708000
2079 11.165000
2080 11.881000
2081 11.888000
2082 11.549000
2083 12.241000
2084 11.992000
2085 12.183000
2086 11.922000
2087 12.422000
2088 11.910000
2089 11.892000
2090 11.870000
2091 11.172000
2092 10.179000
2093 9.183000
2094 8.187000
2095 7.191000
2096 6.194000
2097 5.198000
2098 4.201000
2099 3.206000
2100 2.211000
2101 1.214000
2102 0.867000
2103 0.413000
2104 0.401000
2105 0.418000
2106 0.533000
2107 0.534000
2108 0.545000
2109 0.499000
2110 0.526000
2111 0.556000
2112 0.558000
2113 0.512000
2114 0.576000
2115 0.522000
2116 0.559000
2117 0.517000
2118 0.558000
2119 0.501000
2120 0.560000
2121 0.531000
2122 0.557000
2123 0.529000
2124 0.560000
2125 0.535000
2126 0.544000
2127 0.501000
2128 0.560000
2129 0.530000
2130 0.546000
2131 0.563000
2132 0.566000
2133 0.587000
2134 0.559000
2135 0.541000
2136 0.561000
2137 0.566000
2138 0.591000
2139 0.574000
2140 0.528000
2141 0.500000
2142 0.543000
2143 0.576000
2144 0.533000
2145 0.532000
2146 0.592000
2147 0.525000
2148 0.562000
2149 0.563000
2150 0.536000
2151 0.502000
2152 0.506000
2153 0.587000
2154 0.530000
2155 0.564000
2156 0.566000
2157 0.524000
2158 0.569000
2159 0.503000
2160 0.560000
2161 0.591000
2162 0.545000
2163 0.527000
2164 0.565000
2165 0.522000
2166 0.597000
2167 0.562000
2168 0.501000
2169 0.620000
2170 0.561000
2171 0.533000
2172 0.537000
2173 0.567000
2174 13.447000
2175 13.433000
2176 12.440000
2177 12.405000
2178 12.313000
2179 12.570000
2180 13.018000
2181 12.518000
2182 12.953000
2183 13.167000
2184 12.922000
2185 13.135000
2186 12.411000
2187 12.875000
2188 13.088000
2189 12.637000
2190 11.643000
2191 10.648000
2192 9.652000
2193 8.654000
2194 7.659000
2195 6.662000
2196 5.650000
2197 4.655000
2198 3.659000
2199 2.662000
2200 1.666000
2201 0.850000
2202 0.576000
2203 0.562000
2204 0.482000
2205 0.568000
2206 0.546000
2207 0.553000
2208 0.543000
2209 0.658000
2210 0.690000
2211 0.589000
2212 0.572000
2213 0.587000
2214 0.704000
2215 0.658000
2216 0.562000
2217 0.565000
2218 0.555000
2219 0.613000
2220 0.568000
2221 0.596000
2222 0.534000
2223 0.555000
2224 0.567000
2225 0.519000
2226 0.490000
2227 0.532000
2228 0.570000
2229 0.560000
2230 0.567000
2231 0.507000
2232 0.510000
2233 0.586000
2234 0.551000
2235 0.464000
2236 0.595000
2237 0.563000
2238 0.530000
2239 0.535000
2240 0.537000
2241 0.533000
2242 0.518000
2243 0.609000
2244 0.526000
2245 0.529000
2246 0.534000
2247 0.590000
2248 0.516000
2249 0.540000
2250 0.538000
2251 0.547000
2252 0.544000
2253 0.632000
2254 0.575000
2255 0.491000
2256 0.556000
2257 0.525000
2258 0.526000
2259 0.531000
2260 0.536000
2261 0.567000
2262 0.566000
2263 0.567000
2264 0.531000
2265 0.528000
2266 0.529000
2267 0.572000
2268 0.569000
2269 0.563000
2270 0.532000
2271 0.499000
2272 0.560000
2273 0.526000
2274 12.080000
2275 14.478000
2276 13.484000
2277 13.449000
2278 13.434000
2279 13.402000
2280 13.400000
2281 13.363000
2282 13.352000
2283 13.301000
2284 13.553000
2285 13.522000
2286 13.492000
2287 13.458000
2288 13.549000
2289 12.556000
2290 11.561000
2291 10.568000
2292 9.572000
2293 8.576000
2294 7.580000
2295 6.587000
2296 5.592000
2297 4.596000
2298 3.596000
2299 2.602000
2300 1.605000
2301 0.632000
2302 0.457000
2303 0.458000
2304 0.369000
2305 0.491000
2306 0.529000
2307 0.528000
2308 0.565000
2309 0.644000
2310 0.569000
2311 0.501000
2312 0.584000
2313 0.544000
2314 0.500000
2315 0.573000
2316 0.655000
2317 0.563000
2318 0.521000
2319 0.507000
2320 0.562000
2321 0.529000
2322 0.535000
2323 0.535000
2324 0.524000
2325 0.566000
2326 0.532000
2327 0.569000
2328 0.530000
2329 0.528000
2330 0.565000
2331 0.533000
2332 0.566000
2333 0.564000
2334 0.560000
2335 0.571000
2336 0.547000
2337 0.527000
2338 0.512000
2339 0.587000
2340 0.529000
2341 0.565000
2342 0.563000
2343 0.507000
2344 0.617000
2345 0.559000
2346 0.515000
2347 0.454000
2348 0.564000
2349 0.564000
2350 0.565000
2351 0.507000
2352 0.543000
2353 0.528000
2354 0.562000
2355 0.569000
2356 0.583000
2357 0.627000
2358 0.575000
2359 0.563000
2360 0.561000
2361 0.539000
2362 0.565000
2363 0.571000
2364 0.561000
2365 0.520000
2366 0.584000
2367 0.497000
2368 0.531000
2369 0.584000
2370 0.555000
2371 0.535000
2372 0.588000
2373 0.566000
2374 1.531000
2375 16.004999
2376 15.009000
2377 14.201000
2378 14.169000
2379 14.418000
2380 14.122000
2381 13.840000
2382 14.542000
2383 14.270000
2384 14.531000
2385 14.497000
2386 14.946000
2387 14.186000
2388 14.244000
2389 13.236000
2390 12.225000
2391 11.226000
2392 10.230000
2393 9.235000
2394 8.236000
2395 7.241000
2396 6.233000
2397 5.237000
2398 4.225000
2399 3.230000
2400 2.232000
2401 1.231000
2402 0.569000
2403 0.450000
2404 0.405000
2405 0.410000
2406 0.440000
2407 0.496000
2408 0.534000
2409 0.528000
2410 0.532000
2411 0.527000
2412 0.565000
2413 0.538000
2414 0.551000
2415 0.494000
2416 0.568000
2417 0.567000
2418 0.528000
2419 0.499000
2420 0.519000
2421 0.557000
2422 0.511000
2423 0.493000
2424 0.535000
2425 0.518000
2426 0.519000
2427 0.498000
2428 0.560000
2429 0.495000
2430 0.519000
2431 0.556000
2432 0.488000
2433 0.558000
2434 0.519000
2435 0.493000
2436 0.560000
2437 0.517000
2438 0.551000
2439 0.493000
2440 0.558000
2441 0.519000
2442 0.524000
2443 0.454000
2444 0.490000
2445 0.540000
2446 0.486000
2447 0.484000
2448 0.584000
2449 0.563000
2450 0.523000
2451 0.521000
2452 0.589000
2453 0.515000
2454 0.548000
2455 0.611000
2456 0.539000
2457 0.555000
2458 0.543000
2459 0.530000
2460 0.559000
2461 0.561000
2462 0.527000
2463 0.492000
2464 0.584000
2465 0.565000
2466 0.561000
2467 0.496000
2468 0.522000
2469 0.505000
2470 0.553000
2471 0.533000
2472 0.535000
2473 0.561000
2474 16.705000
2475 15.709000
2476 14.698000
2477 14.650000
2478 14.605000
2479 15.068000
2480 15.555000
2481 15.252000
2482 15.237000
2483 15.475000
2484 15.205000
2485 15.177000
2486 15.471000
2487 14.476000
2488 13.480000
2489 12.484000
2490 11.486000
2491 10.489000
2492 9.492000
2493 8.494000
2494 7.492000
2495 6.493000
2496 5.497000
2497 4.499000
2498 3.501000
2499 2.503000
2500 1.507000
2501 0.899000
2502 0.633000
2503 0.536000
2504 0.482000
2505 0.526000
2506 0.618000
2507 0.609000
2508 0.758000
2509 0.606000
2510 0.648000
2511 0.619000
2512 0.708000
2513 0.587000
2514 0.624000
2515 0.566000
2516 0.801000
2517 0.644000
2518 0.627000
2519 0.723000
2520 0.565000
2521 0.544000
2522 0.555000
2523 0.719000
2524 0.705000
2525 0.553000
2526 0.545000
2527 0.616000
2528 0.495000
2529 0.556000
2530 0.519000
2531 0.519000
2532 0.560000
2533 0.625000
2534 0.552000
2535 0.495000
2536 0.494000
2537 0.595000
2538 0.522000
2539 0.503000
2540 0.591000
2541 0.561000
2542 0.564000
2543 0.534000
2544 0.560000
2545 0.561000
2546 0.525000
2547 0.518000
2548 0.587000
2549 0.563000
2550 0.512000
2551 0.493000
2552 0.615000
2553 0.518000
2554 0.547000
2555 0.500000
2556 0.524000
2557 0.554000
2558 0.512000
2559 0.547000
2560 0.497000
2561 0.562000
2562 0.520000
2563 0.501000
2564 0.563000
2565 0.504000
2566 0.598000
2567 0.497000
2568 0.587000
2569 0.522000
2570 0.525000
2571 0.563000
2572 0.519000
2573 0.590000
2574 9.448000
2575 16.761999
2576 15.768000
2577 15.996000
2578 15.975000
2579 15.703000
2580 15.672000
2581 15.621000
2582 16.063000
2583 15.784000
2584 16.024000
2585 16.021999
2586 15.837000
2587 14.844000
2588 13.834000
2589 12.823000
2590 11.813000
2591 10.818000
2592 9.821000
2593 8.826000
2594 7.830000
2595 6.834000
2596 5.839000
2597 4.844000
2598 3.834000
2599 2.845000
2600 1.848000
2601 0.853000
2602 0.703000
2603 0.371000
2604 0.404000
2605 0.433000
2606 0.492000
2607 0.597000
2608 0.722000
2609 0.627000
2610 0.730000
2611 0.613000
2612 0.699000
2613 0.698000
2614 0.535000
2615 0.553000
2616 0.540000
2617 0.563000
2618 0.541000
2619 0.561000
2620 0.569000
2621 0.593000
2622 0.547000
2623 0.621000
2624 0.497000
2625 0.557000
2626 0.568000
2627 0.498000
2628 0.499000
2629 0.526000
2630 0.549000
2631 0.541000
2632 0.564000
2633 0.561000
2634 0.521000
2635 0.506000
2636 0.508000
2637 0.482000
2638 0.548000
2639 0.498000
2640 0.497000
2641 0.590000
2642 0.544000
2643 0.501000
2644 0.522000
2645 0.564000
2646 0.505000
2647 0.493000
2648 0.561000
2649 0.503000
2650 0.503000
2651 0.532000
2652 0.502000
2653 0.559000
2654 0.501000
2655 0.495000
2656 0.498000
2657 0.505000
2658 0.542000
2659 0.503000
2660 0.498000
2661 0.501000
2662 0.503000
2663 0.563000
2664 0.542000
2665 0.505000
2666 0.544000
2667 0.503000
2668 0.499000
2669 0.502000
2670 0.502000
2671 0.531000
2672 0.496000
2673 0.585000
2674 3.381000
2675 13.920000
2676 12.912000
2677 12.389000
2678 12.090000
2679 68.570000




































































































































































































































































































































































































































































































































































































































































































































































































































































































































































































































3676 1.704000
3677 1.057000
3678 1.056000
3679 1.052000
3680 0.949000
3681 1.158000
3682 1.077000
3683 1.037000
3684 0.948000
3685 1.052000
3686 1.004000
3687 0.933000
3688 0.920000
3689 0.947000
3690 0.850000
3691 0.861000
3692 0.823000
3693 0.883000
3694 0.890000
3695 0.780000
3696 0.834000
3697 0.845000
3698 0.852000
3699 0.809000
3700 0.863000
3701 0.884000
3702 0.829000
3703 0.794000
3704 0.894000
3705 0.784000
3706 0.742000
3707 0.732000
3708 0.826000
3709 0.765000
3710 0.744000
3711 0.817000
3712 0.797000
3713 0.783000
3714 0.812000
3715 0.743000
3716 0.834000
3717 0.878000
3718 0.705000
3719 0.727000
3720 0.878000
3721 0.757000
3722 0.640000
3723 0.709000
3724 0.750000
3725 0.759000
3726 0.770000
3727 0.732000
3728 0.785000
3729 0.827000
3730 0.806000
3731 0.774000
3732 0.861000
3733 0.830000
3734 0.728000
3735 0.812000
3736 0.744000
3737 0.864000
3738 0.760000
3739 0.771000
3740 0.779000
3741 0.860000
3742 0.805000
3743 0.768000
3744 0.758000
3745 0.769000
3746 0.730000
3747 0.857000
3748 0.793000
3749 0.770000
3750 0.814000
3751 0.819000
3752 0.830000
3753 0.845000
3754 0.753000
3755 0.765000
3756 0.825000
3757 0.821000
3758 0.855000
3759 0.815000
3760 0.819000
3761 0.816000
3762 0.754000
3763 0.765000
3764 0.715000
3765 0.828000
3766 0.884000
3767 0.808000
3768 0.819000
3769 0.874000
3770 0.885000
3771 0.842000
3772 0.859000
3773 0.787000
3774 0.882000
3775 0.846000
3776 0.777000
3777 0.833000
3778 0.874000
3779 0.805000
3780 0.829000
3781 0.856000
3782 0.851000
3783 0.858000
3784 0.759000
3785 0.734000
3786 0.890000
3787 0.805000
3788 0.817000
3789 0.890000
3790 0.887000
3791 0.821000
3792 0.818000
3793 0.888000
3794 0.891000
3795 0.788000
3796 0.827000
3797 0.854000
3798 0.893000
3799 0.794000
3800 0.833000
3801 0.893000
3802 0.888000
3803 0.838000
3804 0.895000
3805 0.852000
3806 0.852000
3807 0.852000
3808 0.888000
3809 0.927000
3810 0.926000
3811 0.855000
3812 0.891000
3813 0.791000
3814 0.815000
3815 0.825000
3816 0.818000
3817 0.820000
3818 0.900000
3819 0.832000
3820 0.834000
3821 0.845000
3822 0.879000
3823 0.840000
3824 0.880000
3825 0.881000
3826 0.882000
3827 0.847000
3828 0.820000
3829 0.850000
3830 0.856000
3831 0.825000
3832 0.830000
3833 0.853000
3834 0.865000
3835 0.866000
3836 0.822000
3837 0.835000
3838 0.871000
3839 0.867000
3840 0.870000
3841 0.862000
3842 0.877000
3843 0.831000
3844 0.835000
3845 0.839000
3846 0.867000
3847 0.832000
3848 0.835000
3849 0.914000
3850 0.909000
3851 0.864000
3852 0.866000
3853 0.864000
3854 0.862000
3855 0.872000
3856 0.863000
3857 0.883000
3858 0.888000
3859 0.863000
3860 0.863000
3861 0.924000
3862 0.926000
3863 0.867000
3864 0.862000
3865 0.900000
3866 0.931000
3867 0.845000
3868 0.875000
3869 0.867000
3870 0.900000
3871 0.856000
3872 0.856000
3873 0.899000
3874 0.896000
3875 0.851000
3876 0.864000
3877 0.821000
3878 0.900000
3879 0.856000
3880 0.871000
3881 0.906000
3882 0.959000
3883 0.864000
3884 0.941000
3885 0.894000
3886 0.938000
3887 0.838000
3888 0.849000
3889 0.873000
3890 0.941000
3891 0.864000
3892 0.877000
3893 0.877000
3894 0.886000
3895 0.835000
3896 0.827000
3897 0.947000
3898 0.937000
3899 0.898000
3900 0.867000
3901 0.972000
3902 0.966000
3903 0.926000
3904 0.923000
3905 0.999000
3906 0.969000
3907 0.913000
3908 0.923000
3909 0.949000
3910 0.970000
3911 0.832000
3912 0.885000
3913 0.962000
3914 0.979000
3915 0.831000
3916 0.923000
3917 0.919000
3918 0.972000
3919 0.889000
3920 0.895000
3921 0.928000
3922 0.939000
3923 0.901000
3924 0.910000
3925 0.915000
3926 0.983000
3927 0.896000
3928 0.856000
3929 0.929000
3930 0.987000
3931 0.926000
3932 0.889000
3933 0.996000
3934 0.994000
3935 0.948000
3936 0.917000
3937 0.989000
3938 0.994000
3939 0.895000
3940 0.902000
3941 0.872000
3942 0.997000
3943 0.880000
3944 0.890000
3945 1.010000
3946 0.998000
3947 0.886000
3948 0.883000
3949 0.846000
3950 0.900000
3951 0.898000
3952 0.896000
3953 0.922000
3954 0.987000
3955 0.929000
3956 0.959000
3957 0.969000
3958 0.909000
3959 0.871000
3960 0.903000
3961 1.037000
3962 1.027000
3963 0.914000
3964 0.918000
3965 0.905000
3966 1.008000
3967 0.889000
3968 0.892000
3969 0.982000
3970 0.996000
3971 0.912000
3972 0.909000
3973 0.962000
3974 1.005000
3975 0.884000
3976 0.897000
3977 1.010000
3978 0.994000
3979 0.884000
3980 0.890000
3981 0.919000
3982 0.896000
3983 0.891000
3984 0.901000
3985 1.037000
3986 1.009000
3987 0.914000
3988 0.937000
3989 0.921000
3990 0.947000
3991 0.888000
3992 0.887000
3993 0.955000
3994 1.009000
3995 0.911000
3996 0.907000
3997 0.913000
3998 1.000000
3999 0.884000
4000 0.889000
4001 1.009000
4002 1.007000
4003 0.876000
4004 0.866000
4005 0.961000
4006 1.009000
4007 0.885000
4008 0.907000
4009 1.018000
4010 1.003000
4011 0.891000
4012 0.896000
4013 0.937000
4014 0.915000
4015 0.909000
4016 0.915000
4017 0.943000
4018 0.994000
4019 0.889000
4020 0.906000
4021 0.906000
4022 0.932000
4023 0.893000
4024 0.848000
4025 0.952000
4026 0.885000
4027 0.870000
4028 0.875000
4029 0.902000
4030 0.936000
4031 0.827000
4032 0.924000
4033 0.969000
4034 0.937000
4035 0.894000
4036 0.857000
4037 1.018000
4038 0.999000
4039 0.925000
4040 0.922000
4041 0.972000
4042 0.968000
4043 0.900000
4044 0.858000
4045 0.912000
4046 0.966000
4047 0.823000
4048 0.843000
4049 0.911000
4050 0.973000
4051 0.915000
4052 0.908000
4053 0.901000
4054 0.911000
4055 0.813000
4056 0.842000
4057 0.902000
4058 0.874000
4059 0.815000
4060 0.828000
4061 0.910000
4062 0.940000
4063 0.886000
4064 0.841000
4065 0.944000
4066 0.937000
4067 0.920000
4068 0.876000
4069 1.033000
4070 0.900000
4071 0.796000
4072 0.934000
4073 0.982000
4074 0.977000
4075 0.928000
4076 0.878000
4077 0.880000
4078 0.984000
4079 0.792000
4080 0.868000
4081 0.924000
4082 0.989000
4083 0.888000
4084 0.799000
4085 0.968000
4086 0.912000
4087 0.862000
4088 0.741000
4089 0.904000
4090 0.859000
4091 0.840000
4092 0.843000
4093 0.877000
4094 0.957000
4095 0.779000
4096 0.823000
4097 0.853000
4098 0.906000
4099 0.860000
4100 0.846000
4101 0.891000
4102 0.857000
4103 0.750000
4104 0.855000
4105 0.893000
4106 0.952000
4107 0.760000
4108 0.721000
4109 0.808000
4110 0.805000
4111 0.744000
4112 0.714000
4113 0.886000
4114 0.869000
4115 0.733000
4116 0.716000
4117 0.756000
4118 0.745000
4119 0.743000
4120 0.715000
4121 0.795000
4122 0.783000
4123 0.754000
4124 0.823000
4125 0.884000
4126 0.908000
4127 0.853000
4128 0.821000
4129 0.888000
4130 0.953000
4131 0.854000
4132 0.806000
4133 0.837000
4134 0.872000
4135 0.746000
4136 0.744000
4137 0.897000
4138 0.949000
4139 0.759000
4140 0.721000
4141 0.873000
4142 0.865000
4143 0.743000
4144 0.710000
4145 0.758000
4146 0.782000
4147 0.815000
4148 0.847000
4149 0.811000
4150 0.849000
4151 0.727000
4152 0.823000
4153 0.940000
4154 0.952000
4155 0.833000
4156 0.856000
4157 0.944000
4158 0.943000
4159 0.845000
4160 0.875000
4161 0.953000
4162 0.938000
4163 0.851000
4164 0.879000
4165 0.971000
4166 0.908000
4167 0.846000
4168 0.788000
4169 0.929000
4170 0.900000
4171 0.865000
4172 0.814000
4173 0.896000
4174 0.961000
4175 0.841000
4176 0.778000
4177 0.774000
4178 0.856000
4179 0.837000
4180 0.839000
4181 0.892000
4182 0.871000
4183 0.751000
4184 0.807000
4185 0.898000
4186 0.917000
4187 0.816000
4188 0.731000
4189 0.695000
4190 0.849000
4191 0.822000
4192 0.857000
4193 0.874000
4194 0.938000
4195 0.840000
4196 0.803000
4197 0.840000
4198 0.872000
4199 0.844000
4200 0.826000
4201 0.857000
4202 0.882000
4203 0.812000
4204 0.862000
4205 0.867000
4206 0.894000
4207 0.776000
4208 0.826000
4209 0.869000
4210 0.905000
4211 0.796000
4212 0.765000
4213 0.806000
4214 0.913000
4215 0.803000
4216 0.776000
4217 0.823000
4218 0.929000
4219 0.789000
4220 0.790000
4221 0.794000
4222 0.795000
4223 0.835000
4224 0.838000
4225 0.852000
4226 0.919000
4227 0.863000
4228 0.832000
4229 0.837000
4230 0.813000
4231 0.834000
4232 0.961000
4233 0.882000
4234 0.943000
4235 0.816000
4236 0.802000
4237 0.846000
4238 0.902000
4239 0.919000
4240 0.852000
4241 0.815000
4242 0.828000
4243 0.847000
4244 0.809000
4245 0.847000
4246 0.892000
4247 0.795000
4248 0.790000
4249 0.842000
4250 0.909000
4251 0.768000
4252 0.730000
4253 0.760000
4254 0.866000
4255 0.748000
4256 0.871000
4257 0.855000
4258 0.876000
4259 0.771000
4260 0.837000
4261 0.762000
4262 0.867000
4263 0.858000
4264 0.822000
4265 0.761000
4266 0.900000
4267 0.810000
4268 0.758000
4269 0.757000
4270 0.755000
4271 0.790000
4272 0.784000
4273 0.796000
4274 0.900000
4275 0.803000
4276 0.802000
4277 0.798000
4278 0.852000
4279 0.756000
4280 0.842000
4281 0.845000
4282 0.876000
4283 0.858000
4284 0.813000
4285 0.777000
4286 0.831000
4287 0.874000
4288 0.869000
4289 0.912000
4290 0.904000
4291 0.862000
4292 0.766000
4293 0.767000
4294 0.813000
4295 0.801000
4296 0.851000
4297 0.821000
4298 0.827000
4299 0.791000
4300 0.790000
4301 0.795000
4302 0.839000
4303 0.805000
4304 0.757000
4305 0.850000
4306 0.900000
4307 0.789000
4308 0.718000
4309 0.861000
4310 0.866000
4311 0.732000
4312 0.731000
4313 0.735000
4314 0.991000
4315 0.973000
4316 0.892000
4317 0.952000
4318 0.976000
4319 0.887000
4320 0.803000
4321 0.765000
4322 0.811000
4323 0.909000
4324 0.907000
4325 0.946000
4326 0.935000
4327 0.891000
4328 0.905000
4329 1.001000
4330 0.948000
4331 0.787000
4332 0.772000
4333 0.773000
4334 0.904000
4335 0.955000
4336 0.880000
4337 0.896000
4338 0.984000
4339 0.892000
4340 0.891000
4341 0.846000
4342 0.916000
4343 0.852000
4344 0.855000
4345 0.817000
4346 0.916000
4347 0.907000
4348 0.838000
4349 0.842000
4350 0.908000
4351 0.907000
4352 0.902000
4353 0.844000
4354 0.907000
4355 0.854000
4356 0.843000
4357 0.783000
4358 0.950000
4359 0.918000
4360 0.903000
4361 0.850000
4362 0.950000
4363 0.985000
4364 0.913000
4365 0.901000
4366 0.984000
4367 0.971000
4368 0.895000
4369 0.810000
4370 0.919000
4371 0.853000
4372 0.814000
4373 0.794000
4374 0.856000
4375 0.909000
4376 0.803000
4377 0.846000
4378 0.902000
4379 0.881000
4380 0.829000
4381 0.827000
4382 0.883000
4383 0.898000
4384 0.899000
4385 0.898000
4386 0.911000
4387 0.886000
4388 0.845000
4389 0.764000
4390 0.907000
4391 0.899000
4392 0.900000
4393 0.813000
4394 1.003000
4395 0.970000
4396 0.887000
4397 0.793000
4398 0.868000
4399 0.908000
4400 0.916000
4401 0.844000
4402 0.891000
4403 0.902000
4404 0.902000
4405 0.836000
4406 0.820000
4407 0.930000
4408 0.864000
4409 0.822000
4410 0.958000
4411 0.845000
4412 0.900000
4413 0.805000
4414 0.911000
4415 0.933000
4416 0.853000
4417 0.864000
4418 0.912000
4419 0.924000
4420 0.855000
4421 0.751000
4422 0.878000
4423 0.886000
4424 0.775000
4425 0.787000
4426 0.916000
4427 0.924000
4428 0.809000
4429 0.832000
4430 0.866000
4431 0.958000
4432 0.857000
4433 0.814000
4434 0.857000
4435 0.869000
4436 0.847000
4437 0.913000
4438 0.918000
4439 0.868000
4440 0.824000
4441 0.809000
4442 0.873000
4443 0.947000
4444 0.848000
4445 0.836000
4446 0.881000
4447 0.863000
4448 0.770000
4449 0.798000
4450 0.871000
4451 0.860000
4452 0.808000
4453 0.734000
4454 0.871000
4455 0.845000
4456 0.836000
4457 0.736000
4458 0.858000
4459 0.877000
4460 0.846000
4461 0.860000
4462 0.870000
4463 0.864000
4464 0.864000
4465 0.875000
4466 0.945000
4467 0.906000
4468 0.838000
4469 0.726000
4470 0.885000
4471 0.828000
4472 0.817000
4473 0.829000
4474 0.885000
4475 0.862000
4476 0.874000
4477 0.884000
4478 0.786000
4479 0.853000
4480 0.901000
4481 0.842000
4482 0.856000
4483 0.861000
4484 0.827000
4485 0.839000
4486 0.896000
4487 0.877000
4488 0.792000
4489 0.861000
4490 0.923000
4491 0.948000
4492 0.828000
4493 0.818000
4494 0.928000
4495 0.984000
4496 0.808000
4497 0.815000
4498 0.884000
4499 0.904000
4500 0.812000
4501 0.819000
4502 0.794000
4503 0.828000
4504 0.953000
4505 0.849000
4506 0.788000
4507 0.921000
4508 0.931000
4509 0.818000
4510 0.828000
4511 0.870000
4512 0.847000
4513 0.817000
4514 0.825000
4515 0.948000
4516 0.956000
4517 0.858000
4518 0.845000
4519 0.849000
4520 0.872000
4521 0.810000
4522 0.815000
4523 0.912000
4524 0.877000
4525 0.764000
4526 0.791000
4527 0.904000
4528 0.877000
4529 0.804000
4530 0.859000
4531 0.864000
4532 1.068000
4533 0.823000
4534 0.821000
4535 0.848000
4536 0.858000
4537 0.869000
4538 0.791000
4539 0.929000
4540 0.896000
4541 0.823000
4542 0.860000
4543 0.865000
4544 0.851000
4545 0.776000
4546 0.832000
4547 0.897000
4548 0.960000
4549 0.860000
4550 0.775000
4551 0.928000
4552 0.928000
4553 0.813000
4554 0.869000
4555 0.927000
4556 0.846000
4557 0.763000
4558 0.846000
4559 0.900000
4560 0.938000
4561 0.796000
4562 0.774000
4563 0.930000
4564 0.828000
4565 0.844000
4566 0.803000
4567 0.785000
4568 0.743000
4569 0.781000
4570 0.798000
4571 0.876000
4572 0.894000
4573 0.831000
4574 0.876000
4575 0.927000
4576 0.927000
4577 0.803000
4578 0.812000
4579 0.940000
4580 0.920000
4581 0.782000
4582 0.790000
4583 0.805000
4584 0.838000
4585 0.824000
4586 0.820000
4587 0.879000
4588 0.848000
4589 0.810000
4590 0.749000
4591 0.828000
4592 0.860000
4593 0.763000
4594 0.777000
4595 0.795000
4596 0.937000
4597 0.797000
4598 0.817000
4599 0.932000
4600 0.821000
4601 0.784000
4602 0.797000
4603 0.809000
4604 0.751000
4605 0.794000
4606 0.798000
4607 0.811000
4608 0.819000
4609 0.861000
4610 0.780000
4611 0.794000
4612 0.890000
4613 0.900000
4614 0.823000
4615 0.769000
4616 0.899000
4617 0.935000
4618 0.808000
4619 0.831000
4620 0.927000
4621 0.942000
4622 0.831000
4623 0.791000
4624 0.855000
4625 0.877000
4626 0.818000
4627 0.778000
4628 0.897000
4629 0.804000
4630 0.854000
4631 0.800000
4632 0.874000
4633 0.883000
4634 0.767000
4635 0.775000
4636 0.787000
4637 0.867000
4638 0.809000
4639 0.837000
4640 0.911000
4641 0.921000
4642 0.810000
4643 0.815000
4644 0.925000
4645 0.836000
4646 0.821000
4647 0.751000
4648 0.968000
4649 0.842000
4650 0.806000
4651 0.848000
4652 0.893000
4653 0.861000
4654 0.860000
4655 0.710000
4656 0.877000
4657 0.906000
4658 0.917000
4659 0.802000
4660 0.964000
4661 0.888000
4662 0.826000
4663 0.778000
4664 0.916000
4665 0.836000
4666 0.855000
4667 0.778000
4668 0.904000
4669 0.895000
4670 0.767000
4671 0.856000
4672 0.861000
4673 0.881000
4674 0.841000
4675 0.733000
4676 0.919000
4677 0.883000
4678 0.841000
4679 0.764000
4680 0.742000
4681 0.854000
4682 0.800000
4683 0.813000
4684 0.827000
4685 0.892000
4686 0.825000
4687 0.852000
4688 0.838000
4689 0.886000
4690 0.765000
4691 0.869000
4692 0.853000
4693 0.934000
4694 0.801000
4695 0.809000
4696 0.894000
4697 0.924000
4698 0.820000
4699 0.846000
4700 0.837000
4701 0.957000
4702 0.860000
4703 0.821000
4704 0.898000
4705 0.873000
4706 0.831000
4707 0.841000
4708 0.820000
4709 0.928000
4710 0.968000
4711 0.835000
4712 0.851000
4713 0.875000
4714 0.943000
4715 0.830000
4716 0.802000
4717 0.889000
4718 0.903000
4719 0.829000
4720 0.808000
4721 0.848000
4722 0.936000
4723 0.844000
4724 0.845000
4725 0.883000
4726 0.934000
4727 0.751000
4728 0.760000
4729 0.881000
4730 0.890000
4731 0.801000
4732 0.809000
4733 0.876000
4734 0.886000
4735 0.855000
4736 0.865000
4737 0.874000
4738 0.963000
4739 0.760000
4740 0.751000
4741 0.879000
4742 0.873000
4743 0.833000
4744 0.796000
4745 0.892000
4746 0.918000
4747 0.808000
4748 0.767000
4749 0.959000
4750 0.952000
4751 0.848000
4752 0.842000
4753 0.868000
4754 0.856000
4755 0.779000
4756 0.847000
4757 0.900000
4758 0.893000
4759 0.818000
4760 0.791000
4761 0.883000
4762 0.917000
4763 0.791000
4764 0.801000
4765 0.878000
4766 0.863000
4767 0.843000
4768 0.867000
4769 0.920000
4770 0.897000
4771 0.829000
4772 0.819000
4773 0.948000
4774 0.934000
4775 0.845000
4776 0.810000
4777 0.976000
4778 0.856000
4779 0.823000
4780 0.832000
4781 0.894000
4782 0.860000
4783 0.803000
4784 0.885000
4785 0.822000
4786 0.848000
4787 0.839000
4788 0.850000
4789 0.862000
4790 0.858000
4791 0.822000
4792 0.850000
4793 0.890000
4794 0.869000
4795 0.800000
4796 0.868000
4797 0.922000
4798 0.941000
4799 0.838000
4800 0.845000
4801 0.925000
4802 0.858000
4803 0.849000
4804 0.824000
4805 0.889000
4806 0.840000
4807 0.829000
4808 0.830000
4809 0.798000
4810 0.897000
4811 0.953000
4812 0.856000
4813 0.832000
4814 0.867000
4815 0.943000
4816 0.853000
4817 0.776000
4818 0.848000
4819 0.860000
4820 0.799000
4821 0.804000
4822 0.888000
4823 0.949000
4824 0.908000
4825 0.795000
4826 0.928000
4827 0.936000
4828 0.863000
4829 0.829000
4830 0.841000
4831 0.818000
4832 0.823000
4833 0.801000
4834 0.904000
4835 0.889000
4836 0.860000
4837 0.783000
4838 0.881000
4839 0.929000
4840 0.851000
4841 0.867000
4842 0.958000
4843 0.872000
4844 0.770000
4845 0.822000
4846 0.907000
4847 0.918000
4848 0.874000
4849 0.814000
4850 0.993000
4851 0.844000
4852 0.845000
4853 0.762000
4854 0.908000
4855 0.887000
4856 0.813000
4857 0.800000
4858 0.920000
4859 0.952000
4860 0.862000
4861 0.784000
4862 0.885000
4863 0.992000
4864 0.863000
4865 0.841000
4866 0.915000
4867 0.840000
4868 0.810000
4869 0.813000
4870 0.868000
4871 0.862000
4872 0.827000
4873 0.802000
4874 0.918000
4875 0.904000
4876 0.784000
4877 0.847000
4878 0.953000
4879 0.845000
4880 0.818000
4881 0.836000
4882 0.869000
4883 0.886000
4884 0.835000
4885 0.773000
4886 0.911000
4887 0.848000
4888 0.883000
4889 0.821000
4890 0.887000
4891 0.914000
4892 0.721000
4893 0.835000
4894 0.729000
4895 0.881000
4896 0.812000
4897 0.849000
4898 0.851000
4899 0.862000
4900 0.835000
4901 0.901000
4902 0.882000
4903 0.885000
4904 0.790000
4905 0.819000
4906 0.834000
4907 0.870000
4908 0.820000
4909 0.859000
4910 0.873000
4911 0.861000
4912 0.837000
4913 0.846000
4914 0.857000
4915 0.864000
4916 0.815000
4917 0.825000
4918 0.953000
4919 0.939000
4920 0.857000
4921 0.802000
4922 0.861000
4923 0.928000
4924 0.821000
4925 0.830000
4926 0.840000
4927 0.905000
4928 0.881000
4929 0.843000
4930 0.843000
4931 0.831000
4932 0.874000
4933 0.847000
4934 0.815000
4935 0.874000
4936 0.873000
4937 0.808000
4938 0.789000
4939 0.869000
4940 0.956000
4941 0.849000
4942 0.857000
4943 0.864000
4944 0.905000
4945 0.846000
4946 0.856000
4947 0.953000
4948 0.877000
4949 0.804000
4950 0.782000
4951 0.912000
4952 0.902000
4953 0.793000
4954 0.818000
4955 0.896000
4956 0.981000
4957 0.822000
4958 0.843000
4959 0.891000
4960 0.941000
4961 0.851000
4962 0.815000
4963 0.874000
4964 0.938000
4965 0.796000
4966 0.825000
4967 0.905000
4968 0.928000
4969 0.821000
4970 0.808000
4971 0.906000
4972 0.873000
4973 0.860000
4974 0.887000
4975 0.810000
4976 0.877000
4977 0.787000
4978 0.850000
4979 0.921000
4980 0.912000
4981 0.814000
4982 0.733000
4983 0.940000
4984 0.919000
4985 0.837000
4986 0.880000
4987 0.888000
4988 0.883000
4989 0.787000
4990 0.787000
4991 0.862000
4992 0.876000
4993 0.797000
4994 0.769000
4995 0.834000
4996 0.824000
4997 0.799000
4998 0.762000
4999 0.844000
5000 0.838000
