#ToRs	Run1	Run2	Run3	Run4	Run5	Avg
1000	31	35	39	34	66	41.00000000000000000000	31	66
2000	32	31	8	22	8	20.20000000000000000000	8	32
3000	32	32	39	34	36	34.60000000000000000000	32	39
4000	7	33	27	36	34	27.40000000000000000000	7	36
5000	45	40	28	7	34	30.80000000000000000000	7	45
6000	34	8	25	32	33	26.40000000000000000000	8	34
7000	33	42	28	8	37	29.60000000000000000000	8	42
8000	8	32	31	31	34	27.20000000000000000000	8	34
9000	7	37	21	32	8	21.00000000000000000000	7	37
10000	37	35	35	33	45	37.00000000000000000000	33	45
