#ping_size	no-rewriting	rewriting
200	1.008	1.008
400	1.042	1.023
600	1.065	1.049
800	1.086	1.064
1000	1.135	1.117
1200	1.158	1.152
1400	1.180	1.164
1600	1.215	1.173
1800	1.221	1.216
2000	1.259	1.239
2200	1.253	1.256
2400	1.274	1.258
2600	1.287	1.276
2800	1.354	1.344
3000	1.365	1.385
3200	1.374	1.363
3400	1.385	1.411
3600	1.436	1.435
3800	1.446	1.393
4000	1.432	1.422
4200	1.470	1.445
4400	1.472	1.459
4600	1.567	1.534
4800	1.580	1.607
5000	1.625	1.645
5200	1.659	1.656
5400	1.706	1.698
5600	1.678	1.721
5800	1.756	1.725
6000	1.750	1.740
6200	1.756	1.764
6400	1.807	1.809
6600	1.836	1.836
6800	1.841	1.842
7000	1.867	1.855
7200	1.881	1.884
7400	1.921	1.907
7600	1.946	1.928
7800	1.976	1.978
8000	2.006	1.984
8200	2.027	2.014
8400	2.039	2.035
8600	2.047	2.062
8800	2.076	2.091
8952	2.091	2.107
