#ToRs	Run1	Run2	Run3	Run4	Run5	Avg
1000	32	33	39	41	36	36.20000000000000000000	32	41
2000	36	27	47	32	25	33.40000000000000000000	25	47
3000	32	41	40	39	32	36.80000000000000000000	32	41
4000	32	32	34	31	8	27.40000000000000000000	8	34
5000	8	64	42	37	38	37.80000000000000000000	8	64
6000	8	32	32	31	34	27.40000000000000000000	8	34
7000	7	34	29	7	37	22.80000000000000000000	7	37
8000	8	7	8	33	32	17.60000000000000000000	7	33
9000	33	36	36	36	38	35.80000000000000000000	33	38
10000	38	31	32	32	50	36.60000000000000000000	31	50
