#ToRs	Run1	Run2	Run3	Run4	Run5	Avg
1000	180	176	183	189	181	181.80000000000000000000	176	189
2000	344	351	341	350	343	345.80000000000000000000	341	351
3000	516	508	517	514	506	512.20000000000000000000	506	517
4000	674	667	686	675	678	676.00000000000000000000	667	686
5000	854	847	899	836	840	855.20000000000000000000	836	899
6000	1017	1013	1011	1017	1016	1014.80000000000000000000	1011	1017
7000	1183	1175	1178	1184	1177	1179.40000000000000000000	1175	1184
8000	1322	1347	1344	1352	1325	1338.00000000000000000000	1322	1352
9000	1515	1501	1508	1504	1503	1506.20000000000000000000	1501	1515
10000	1661	1675	1660	1673	1660	1665.80000000000000000000	1660	1675
