1 0.620000
2 0.543000
3 0.553000
4 0.482000
5 0.570000
6 0.582000
7 0.560000
8 0.573000
9 0.610000
10 0.623000
11 0.585000
12 0.524000
13 0.609000
14 0.547000
15 0.547000
16 0.520000
17 0.573000
18 0.576000
19 0.588000
20 0.579000
21 0.610000
22 0.597000
23 0.624000
24 0.554000
25 0.606000
26 0.608000
27 0.562000
28 0.592000
29 0.640000
30 0.574000
31 0.580000
32 0.584000
33 0.600000
34 0.601000
35 0.605000
36 0.596000
37 0.589000
38 0.622000
39 0.620000
40 0.625000
41 0.617000
42 0.580000
43 0.574000
44 0.599000
45 0.548000
46 0.594000
47 0.622000
48 0.619000
49 0.621000
50 0.622000
51 0.575000
52 0.593000
53 0.619000
54 0.625000
55 0.627000
56 0.619000
57 0.625000
58 0.622000
59 0.567000
60 0.597000
61 0.622000
62 0.589000
63 0.627000
64 0.624000
65 0.621000
66 0.621000
67 0.577000
68 0.593000
69 0.621000
70 0.620000
71 0.617000
72 0.618000
73 0.624000
74 0.622000
75 0.570000
76 0.594000
77 0.616000
78 0.591000
79 0.520000
80 0.603000
81 0.622000
82 0.588000
83 0.526000
84 0.548000
85 0.621000
86 0.624000
87 0.523000
88 0.618000
89 0.625000
90 0.625000
91 0.582000
92 0.598000
93 0.629000
94 0.622000
95 0.602000
96 0.627000
97 0.617000
98 0.625000
99 0.583000
100 0.589000
101 0.617000
102 0.635000
103 0.591000
104 0.548000
105 0.618000
106 0.619000
107 0.582000
108 0.601000
109 0.592000
110 0.620000
111 0.633000
112 0.550000
113 0.621000
114 0.626000
115 0.571000
116 0.595000
117 0.623000
118 0.624000
119 0.617000
120 0.624000
121 0.624000
122 0.623000
123 0.581000
124 0.599000
125 0.620000
126 0.615000
127 0.622000
128 0.618000
129 0.624000
130 0.624000
131 0.565000
132 0.600000
133 0.622000
134 0.581000
135 0.623000
136 0.631000
137 0.590000
138 0.624000
139 0.577000
140 0.599000
141 0.629000
142 0.617000
143 0.625000
144 0.626000
145 0.623000
146 0.624000
147 0.568000
148 0.595000
149 0.620000
150 0.627000
151 0.622000
152 0.628000
153 0.624000
154 0.619000
155 0.569000
156 0.598000
157 0.623000
158 0.628000
159 0.560000
160 0.515000
161 0.588000
162 0.587000
163 0.608000
164 0.608000
165 0.624000
166 0.619000
167 0.628000
168 0.625000
169 0.619000
170 0.587000
171 0.560000
172 0.551000
173 0.607000
174 0.586000
175 0.509000
176 0.518000
177 0.630000
178 0.621000
179 0.584000
180 0.605000
181 0.622000
182 0.623000
183 0.596000
184 0.581000
185 0.623000
186 0.549000
187 0.524000
188 0.606000
189 0.624000
190 0.625000
191 0.621000
192 0.616000
193 0.621000
194 0.623000
195 0.582000
196 0.594000
197 0.628000
198 0.622000
199 0.619000
200 0.619000
201 0.623000
202 0.624000
203 0.577000
204 0.594000
205 0.627000
206 0.629000
207 0.629000
208 0.629000
209 0.600000
210 0.571000
211 0.562000
212 0.551000
213 0.565000
214 0.569000
215 0.548000
216 0.548000
217 0.604000
218 0.607000
219 0.519000
220 0.551000
221 0.625000
222 0.619000
223 0.608000
224 0.600000
225 0.531000
226 0.540000
227 0.592000
228 0.511000
229 0.536000
230 0.584000
231 0.555000
232 0.571000
233 0.586000
234 0.623000
235 0.590000
236 0.607000
237 0.532000
238 0.625000
239 0.610000
240 0.526000
241 0.572000
242 0.584000
243 0.560000
244 0.601000
245 0.611000
246 0.623000
247 0.599000
248 0.599000
249 0.611000
250 0.618000
251 0.621000
252 0.560000
253 0.613000
254 0.581000
255 0.601000
256 0.574000
257 0.614000
258 0.624000
259 0.589000
260 0.543000
261 0.595000
262 0.564000
263 0.538000
264 0.567000
265 0.596000
266 0.606000
267 0.616000
268 0.600000
269 0.600000
270 0.596000
271 0.594000
272 0.614000
273 0.616000
274 0.616000
275 0.589000
276 0.509000
277 0.486000
278 0.583000
279 0.584000
280 0.569000
281 0.610000
282 0.619000
283 0.596000
284 0.580000
285 0.531000
286 0.551000
287 0.551000
288 0.565000
289 0.554000
290 0.576000
291 0.582000
292 0.594000
293 0.570000
294 0.620000
295 0.610000
296 0.629000
297 0.599000
298 0.604000
299 0.551000
300 0.561000
301 0.561000
302 0.575000
303 0.584000
304 0.592000
305 0.599000
306 0.614000
307 0.618000
308 0.578000
309 0.598000
310 0.583000
311 0.619000
312 0.626000
313 0.514000
314 0.625000
315 0.624000
316 0.578000
317 0.631000
318 0.624000
319 0.620000
320 0.612000
321 0.628000
322 0.624000
323 0.622000
324 0.578000
325 0.511000
326 0.626000
327 0.639000
328 0.633000
329 0.639000
330 0.637000
331 0.641000
332 0.636000
333 0.632000
334 0.629000
335 0.645000
336 0.636000
337 0.633000
338 0.631000
339 0.639000
340 0.638000
341 0.631000
342 0.632000
343 0.637000
344 0.627000
345 0.641000
346 0.626000
347 0.619000
348 0.641000
349 0.599000
350 0.631000
351 0.638000
352 0.639000
353 0.638000
354 0.637000
355 0.632000
356 0.636000
357 0.636000
358 0.633000
359 0.638000
360 0.629000
361 0.634000
362 0.639000
363 0.633000
364 0.641000
365 0.634000
366 0.638000
367 0.637000
368 0.631000
369 0.634000
370 0.643000
371 0.632000
372 0.640000
373 0.637000
374 0.629000
375 0.634000
376 0.632000
377 0.629000
378 0.637000
379 0.637000
380 0.627000
381 0.638000
382 0.634000
383 0.633000
384 0.637000
385 0.630000
386 0.636000
387 0.632000
388 0.636000
389 0.632000
390 0.637000
391 0.631000
392 0.634000
393 0.634000
394 0.630000
395 0.640000
396 0.634000
397 0.635000
398 0.633000
399 0.641000
400 0.635000
401 0.642000
402 0.638000
403 0.634000
404 0.628000
405 0.650000
406 0.636000
407 0.636000
408 0.632000
409 0.636000
410 0.633000
411 0.632000
412 0.639000
413 0.634000
414 0.632000
415 0.638000
416 0.633000
417 0.632000
418 0.634000
419 0.633000
420 0.637000
421 0.635000
422 0.632000
423 0.638000
424 0.636000
425 0.632000
426 0.642000
427 0.638000
428 0.630000
429 0.610000
430 0.635000
431 0.636000
432 0.639000
433 0.636000
434 0.636000
435 0.632000
436 0.647000
437 0.638000
438 0.635000
439 0.632000
440 0.630000
441 0.650000
442 0.645000
443 0.654000
444 0.626000
445 0.570000
446 0.574000
447 0.584000
448 0.593000
449 0.606000
450 0.613000
451 0.623000
452 0.618000
453 0.634000
454 0.639000
455 0.636000
456 0.620000
457 0.631000
458 0.638000
459 0.636000
460 0.563000
461 0.636000
462 0.634000
463 0.631000
464 0.624000
465 0.637000
466 0.635000
467 0.632000
468 0.621000
469 0.636000
470 0.633000
471 0.638000
472 0.630000
473 0.631000
474 0.639000
475 0.636000
476 0.614000
477 0.610000
478 0.637000
479 0.635000
480 0.625000
481 0.637000
482 0.634000
483 0.641000
484 0.621000
485 0.549000
486 0.631000
487 0.638000
488 0.631000
489 0.631000
490 0.634000
491 0.639000
492 0.634000
493 0.634000
494 0.632000
495 0.637000
496 0.626000
497 0.631000
498 0.639000
499 0.635000
500 0.616000
501 0.636000
502 0.637000
503 0.634000
504 0.608000
505 0.561000
506 0.654000
507 0.652000
508 0.632000
509 0.562000
510 0.652000
511 0.579000
512 0.600000
513 0.603000
514 0.614000
515 0.625000
516 0.639000
517 0.649000
518 0.620000
519 0.630000
520 0.636000
521 0.595000
522 0.611000
523 0.619000
524 0.630000
525 0.645000
526 0.657000
527 0.625000
528 0.639000
529 0.649000
530 0.619000
531 0.676000
532 0.640000
533 0.609000
534 0.616000
535 0.583000
536 0.595000
537 0.646000
538 0.655000
539 0.664000
540 0.615000
541 0.557000
542 0.566000
543 0.653000
544 0.576000
545 0.566000
546 0.604000
547 0.611000
548 0.624000
549 0.633000
550 0.618000
551 0.648000
552 0.658000
553 0.635000
554 0.593000
555 0.637000
556 0.646000
557 0.585000
558 0.590000
559 0.604000
560 0.621000
561 0.627000
562 0.633000
563 0.719000
564 0.607000
565 0.632000
566 0.624000
567 0.562000
568 0.567000
569 0.579000
570 0.591000
571 0.598000
572 0.607000
573 0.619000
574 0.594000
575 0.623000
576 0.625000
577 0.618000
578 0.606000
579 0.542000
580 0.586000
581 0.558000
582 0.566000
583 0.578000
584 0.561000
585 0.595000
586 0.554000
587 0.620000
588 0.628000
589 0.520000
590 0.590000
591 0.621000
592 0.623000
593 0.621000
594 0.578000
595 0.629000
596 0.619000
597 0.589000
598 0.595000
599 0.625000
600 0.630000
601 0.632000
602 0.630000
603 0.620000
604 0.639000
605 0.594000
606 0.598000
607 0.626000
608 0.619000
609 0.633000
610 0.620000
611 0.590000
612 0.621000
613 0.592000
614 0.513000
615 0.621000
616 0.628000
617 0.622000
618 0.604000
619 0.519000
620 0.626000
621 0.589000
622 0.601000
623 0.627000
624 0.620000
625 0.626000
626 0.625000
627 0.625000
628 0.626000
629 0.516000
630 0.510000
631 0.609000
632 0.621000
633 0.627000
634 0.624000
635 0.634000
636 0.582000
637 0.591000
638 0.602000
639 0.573000
640 0.624000
641 0.620000
642 0.622000
643 0.617000
644 0.618000
645 0.590000
646 0.595000
647 0.632000
648 0.623000
649 0.621000
650 0.631000
651 0.623000
652 0.626000
653 0.592000
654 0.605000
655 0.628000
656 0.619000
657 0.618000
658 0.620000
659 0.626000
660 0.625000
661 0.564000
662 0.599000
663 0.625000
664 0.508000
665 0.625000
666 0.621000
667 0.623000
668 0.627000
669 0.583000
670 0.514000
671 0.627000
672 0.626000
673 0.618000
674 0.619000
675 0.624000
676 0.621000
677 0.583000
678 0.604000
679 0.625000
680 0.621000
681 0.519000
682 0.627000
683 0.620000
684 0.624000
685 0.563000
686 0.560000
687 0.620000
688 0.617000
689 0.518000
690 0.626000
691 0.619000
692 0.627000
693 0.586000
694 0.593000
695 0.624000
696 0.621000
697 0.616000
698 0.631000
699 0.624000
700 0.622000
701 0.589000
702 0.606000
703 0.617000
704 0.614000
705 0.625000
706 0.619000
707 0.619000
708 0.620000
709 0.588000
710 0.597000
711 0.592000
712 0.619000
713 0.624000
714 0.577000
715 0.620000
716 0.624000
717 0.586000
718 0.595000
719 0.621000
720 0.624000
721 0.621000
722 0.626000
723 0.623000
724 0.621000
725 0.583000
726 0.596000
727 0.622000
728 0.617000
729 0.622000
730 0.622000
731 0.618000
732 0.622000
733 0.583000
734 0.602000
735 0.626000
736 0.611000
737 0.572000
738 0.563000
739 0.535000
740 0.547000
741 0.541000
742 0.529000
743 0.575000
744 0.570000
745 0.561000
746 0.557000
747 0.599000
748 0.601000
749 0.574000
750 0.583000
751 0.590000
752 0.601000
753 0.578000
754 0.572000
755 0.590000
756 0.615000
757 0.581000
758 0.555000
759 0.601000
760 0.601000
761 0.596000
762 0.599000
763 0.625000
764 0.569000
765 0.581000
766 0.566000
767 0.625000
768 0.529000
769 0.518000
770 0.578000
771 0.556000
772 0.567000
773 0.544000
774 0.560000
775 0.569000
776 0.577000
777 0.587000
778 0.593000
779 0.598000
780 0.597000
781 0.595000
782 0.609000
783 0.532000
784 0.621000
785 0.556000
786 0.534000
787 0.541000
788 0.595000
789 0.561000
790 0.548000
791 0.582000
792 0.592000
793 0.602000
794 0.608000
795 0.610000
796 0.626000
797 0.624000
798 0.567000
799 0.579000
800 0.555000
801 0.598000
802 0.578000
803 0.619000
804 0.595000
805 0.608000
806 0.569000
807 0.579000
808 0.586000
809 0.599000
810 0.579000
811 0.590000
812 0.600000
813 0.601000
814 0.527000
815 0.533000
816 0.610000
817 0.553000
818 0.563000
819 0.541000
820 0.582000
821 0.600000
822 0.601000
823 0.612000
824 0.623000
825 0.547000
826 0.557000
827 0.528000
828 0.604000
829 0.588000
830 0.559000
831 0.567000
832 0.575000
833 0.541000
834 0.596000
835 0.589000
836 0.600000
837 0.604000
838 0.604000
839 0.525000
840 0.540000
841 0.549000
842 0.548000
843 0.565000
844 0.574000
845 0.583000
846 0.590000
847 0.602000
848 0.611000
849 0.621000
850 0.625000
851 0.622000
852 0.625000
853 0.616000
854 0.586000
855 0.598000
856 0.625000
857 0.617000
858 0.618000
859 0.622000
860 0.625000
861 0.621000
862 0.566000
863 0.597000
864 0.624000
865 0.572000
866 0.600000
867 0.632000
868 0.637000
869 0.627000
870 0.580000
871 0.602000
872 0.621000
873 0.630000
874 0.607000
875 0.585000
876 0.622000
877 0.619000
878 0.583000
879 0.600000
880 0.625000
881 0.619000
882 0.618000
883 0.620000
884 0.622000
885 0.615000
886 0.596000
887 0.578000
888 0.636000
889 0.618000
890 0.530000
891 0.576000
892 0.614000
893 0.624000
894 0.586000
895 0.603000
896 0.623000
897 0.619000
898 0.622000
899 0.625000
900 0.625000
901 0.616000
902 0.585000
903 0.598000
904 0.621000
905 0.622000
906 0.624000
907 0.625000
908 0.622000
909 0.615000
910 0.499000
911 0.599000
912 0.600000
913 0.620000
914 0.623000
915 0.515000
916 0.623000
917 0.618000
918 0.586000
919 0.608000
920 0.594000
921 0.620000
922 0.623000
923 0.628000
924 0.621000
925 0.620000
926 0.599000
927 0.591000
928 0.624000
929 0.620000
930 0.619000
931 0.620000
932 0.624000
933 0.627000
934 0.599000
935 0.604000
936 0.621000
937 0.587000
938 0.614000
939 0.630000
940 0.576000
941 0.621000
942 0.586000
943 0.569000
944 0.544000
945 0.537000
946 0.531000
947 0.570000
948 0.577000
949 0.590000
950 0.581000
951 0.569000
952 0.617000
953 0.627000
954 0.596000
955 0.617000
956 0.620000
957 0.622000
958 0.590000
959 0.599000
960 0.625000
961 0.542000
962 0.511000
963 0.530000
964 0.575000
965 0.587000
966 0.595000
967 0.576000
968 0.582000
969 0.597000
970 0.597000
971 0.533000
972 0.620000
973 0.630000
974 0.554000
975 0.532000
976 0.536000
977 0.583000
978 0.596000
979 0.582000
980 0.586000
981 0.590000
982 0.600000
983 0.594000
984 0.607000
985 0.587000
986 0.607000
987 0.568000
988 0.578000
989 0.588000
990 0.599000
991 0.572000
992 0.618000
993 0.594000
994 0.568000
995 0.572000
996 0.570000
997 0.632000
998 0.637000
999 0.630000
1000 0.603000
1001 0.605000
1002 0.628000
1003 0.596000
1004 0.582000
1005 0.561000
1006 0.541000
1007 0.552000
1008 0.554000
1009 0.531000
1010 0.593000
1011 0.567000
1012 0.568000
1013 0.567000
1014 0.606000
1015 0.584000
1016 0.586000
1017 0.614000
1018 0.614000
1019 0.588000
1020 0.589000
1021 0.619000
1022 0.585000
1023 0.593000
1024 0.590000
1025 0.587000
1026 0.583000
1027 0.598000
1028 0.587000
1029 0.581000
1030 0.581000
1031 0.500000
1032 0.620000
1033 0.583000
1034 0.590000
1035 0.591000
1036 0.587000
1037 0.621000
1038 0.580000
1039 0.591000
1040 0.616000
1041 0.585000
1042 0.584000
1043 0.597000
1044 0.589000
1045 0.584000
1046 0.585000
1047 0.596000
1048 0.580000
1049 0.585000
1050 0.620000
1051 0.587000
1052 0.590000
1053 0.589000
1054 0.591000
1055 0.601000
1056 0.592000
1057 0.708000
1058 0.623000
1059 0.591000
1060 0.621000
1061 0.876000
1062 0.600000
1063 0.630000
1064 3.929000
1065 3.183000
1066 2.187000
1067 1.195000
1068 0.652000
1069 0.995000
1070 0.708000
1071 1.713000
1072 0.973000
1073 0.827000
1074 0.558000
1075 1.085000
1076 1.066000
1077 1.090000
1078 1.351000
1079 0.863000
1080 1.106000
1081 0.847000
1082 0.829000
1083 1.077000
1084 0.827000
1085 1.275000
1086 1.268000
1087 1.000000
1088 1.199000
1089 1.173000
1090 0.951000
1091 0.913000
1092 1.127000
1093 1.375000
1094 0.870000
1095 1.076000
1096 1.566000
1097 1.050000
1098 1.043000
1099 1.014000
1100 1.200000
1101 1.175000
1102 0.715000
1103 0.529000
1104 0.484000
1105 0.415000
1106 0.419000
1107 0.504000
1108 0.566000
1109 0.538000
1110 0.544000
1111 0.529000
1112 0.565000
1113 0.569000
1114 0.571000
1115 0.567000
1116 0.528000
1117 0.489000
1118 0.574000
1119 0.537000
1120 0.532000
1121 0.568000
1122 0.539000
1123 0.532000
1124 0.660000
1125 0.575000
1126 0.529000
1127 0.573000
1128 0.542000
1129 0.572000
1130 0.580000
1131 0.531000
1132 0.571000
1133 0.534000
1134 0.534000
1135 0.567000
1136 0.453000
1137 0.575000
1138 0.580000
1139 0.531000
1140 0.534000
1141 0.568000
1142 0.538000
1143 0.516000
1144 0.457000
1145 0.556000
1146 0.545000
1147 0.574000
1148 0.542000
1149 0.544000
1150 0.533000
1151 0.561000
1152 0.529000
1153 0.565000
1154 0.572000
1155 0.574000
1156 0.574000
1157 0.547000
1158 0.549000
1159 0.531000
1160 0.496000
1161 0.540000
1162 0.543000
1163 0.571000
1164 3.343000
1165 2.349000
1166 1.353000
1167 1.279000
1168 1.252000
1169 1.253000
1170 1.209000
1171 1.447000
1172 1.447000
1173 1.409000
1174 1.414000
1175 1.863000
1176 2.100000
1177 1.827000
1178 2.058000
1179 2.032000
1180 2.032000
1181 2.036000
1182 1.997000
1183 1.947000
1184 2.420000
1185 2.157000
1186 2.623000
1187 2.606000
1188 2.091000
1189 2.827000
1190 2.065000
1191 1.071000
1192 0.674000
1193 0.546000
1194 0.456000
1195 0.446000
1196 0.566000
1197 0.574000
1198 0.543000
1199 0.660000
1200 0.645000
1201 0.576000
1202 0.542000
1203 0.572000
1204 0.544000
1205 0.578000
1206 0.545000
1207 0.545000
1208 0.573000
1209 0.546000
1210 0.584000
1211 0.535000
1212 0.536000
1213 0.574000
1214 0.516000
1215 0.497000
1216 0.546000
1217 0.548000
1218 0.552000
1219 0.536000
1220 0.577000
1221 0.540000
1222 0.539000
1223 0.570000
1224 0.513000
1225 0.576000
1226 0.541000
1227 0.574000
1228 0.516000
1229 0.492000
1230 0.546000
1231 0.514000
1232 0.453000
1233 0.549000
1234 0.545000
1235 0.574000
1236 0.540000
1237 0.542000
1238 0.550000
1239 0.534000
1240 0.549000
1241 0.551000
1242 0.524000
1243 0.573000
1244 0.536000
1245 0.575000
1246 0.540000
1247 0.491000
1248 0.544000
1249 0.545000
1250 0.580000
1251 0.541000
1252 0.540000
1253 0.577000
1254 0.534000
1255 0.574000
1256 0.495000
1257 0.580000
1258 0.545000
1259 0.540000
1260 0.516000
1261 0.544000
1262 0.584000
1263 0.517000
1264 3.916000
1265 2.922000
1266 2.403000
1267 2.357000
1268 2.325000
1269 2.797000
1270 2.286000
1271 3.028000
1272 3.044000
1273 3.002000
1274 2.462000
1275 2.930000
1276 2.928000
1277 3.138000
1278 3.120000
1279 3.083000
1280 3.828000
1281 3.053000
1282 3.034000
1283 3.531000
1284 3.755000
1285 3.228000
1286 3.701000
1287 3.666000
1288 3.434000
1289 2.440000
1290 1.444000
1291 0.667000
1292 0.506000
1293 0.430000
1294 0.459000
1295 0.536000
1296 0.491000
1297 0.448000
1298 0.543000
1299 0.514000
1300 0.581000
1301 0.547000
1302 0.551000
1303 0.574000
1304 0.537000
1305 0.543000
1306 0.542000
1307 0.548000
1308 0.532000
1309 0.528000
1310 0.509000
1311 0.550000
1312 0.454000
1313 0.582000
1314 0.545000
1315 0.573000
1316 0.544000
1317 0.541000
1318 0.580000
1319 0.503000
1320 0.456000
1321 0.550000
1322 0.505000
1323 0.575000
1324 0.540000
1325 0.580000
1326 0.548000
1327 0.511000
1328 0.543000
1329 0.549000
1330 0.500000
1331 0.545000
1332 0.542000
1333 0.584000
1334 0.547000
1335 0.583000
1336 0.459000
1337 0.585000
1338 0.525000
1339 0.572000
1340 0.544000
1341 0.547000
1342 0.583000
1343 0.503000
1344 0.550000
1345 0.550000
1346 0.507000
1347 0.542000
1348 0.543000
1349 0.581000
1350 0.493000
1351 0.541000
1352 0.495000
1353 0.577000
1354 0.548000
1355 0.544000
1356 0.551000
1357 0.523000
1358 0.586000
1359 0.500000
1360 0.503000
1361 0.554000
1362 0.507000
1363 0.579000
1364 3.800000
1365 4.790000
1366 3.797000
1367 4.047000
1368 3.754000
1369 3.951000
1370 3.687000
1371 4.154000
1372 4.134000
1373 4.116000
1374 4.099000
1375 4.335000
1376 4.315000
1377 3.322000
1378 2.326000
1379 4.495000
1380 4.458000
1381 3.709000
1382 3.699000
1383 2.690000
1384 1.694000
1385 3.643000
1386 2.878000
1387 1.888000
1388 3.821000
1389 2.827000
1390 2.044000
1391 1.289000
1392 0.543000
1393 0.548000
1394 0.425000
1395 0.541000
1396 0.451000
1397 0.544000
1398 0.580000
1399 0.560000
1400 0.554000
1401 0.568000
1402 0.558000
1403 0.583000
1404 0.548000
1405 0.551000
1406 0.550000
1407 0.541000
1408 0.491000
1409 0.579000
1410 0.581000
1411 0.550000
1412 0.521000
1413 0.541000
1414 0.555000
1415 0.574000
1416 0.544000
1417 0.546000
1418 0.499000
1419 0.553000
1420 0.509000
1421 0.559000
1422 0.534000
1423 0.576000
1424 0.500000
1425 0.552000
1426 0.552000
1427 0.547000
1428 0.547000
1429 0.548000
1430 0.521000
1431 0.551000
1432 0.463000
1433 0.591000
1434 0.511000
1435 0.573000
1436 0.456000
1437 0.580000
1438 0.540000
1439 0.507000
1440 0.557000
1441 0.535000
1442 0.579000
1443 0.529000
1444 0.442000
1445 0.511000
1446 0.511000
1447 0.511000
1448 0.518000
1449 0.526000
1450 0.582000
1451 0.539000
1452 0.545000
1453 0.553000
1454 0.518000
1455 0.462000
1456 0.533000
1457 0.512000
1458 0.484000
1459 0.536000
1460 0.459000
1461 0.469000
1462 0.474000
1463 0.546000
1464 4.037000
1465 5.545000
1466 4.557000
1467 4.529000
1468 5.005000
1469 4.979000
1470 4.981000
1471 5.688000
1472 5.729000
1473 5.680000
1474 5.607000
1475 5.626000
1476 5.623000
1477 5.831000
1478 5.034000
1479 5.788000
1480 5.773000
1481 5.771000
1482 5.763000
1483 5.730000
1484 5.726000
1485 5.690000
1486 5.971000
1487 4.977000
1488 3.980000
1489 2.985000
1490 1.990000
1491 0.993000
1492 0.547000
1493 0.496000
1494 0.454000
1495 0.432000
1496 0.465000
1497 0.512000
1498 0.522000
1499 0.486000
1500 0.496000
1501 0.505000
1502 0.583000
1503 0.524000
1504 0.581000
1505 0.548000
1506 0.473000
1507 0.427000
1508 0.449000
1509 0.527000
1510 0.567000
1511 0.542000
1512 0.611000
1513 0.499000
1514 0.506000
1515 0.551000
1516 0.502000
1517 0.553000
1518 0.511000
1519 0.603000
1520 0.497000
1521 0.510000
1522 0.549000
1523 0.615000
1524 0.510000
1525 0.508000
1526 0.516000
1527 0.502000
1528 0.588000
1529 0.605000
1530 0.505000
1531 0.508000
1532 0.557000
1533 0.572000
1534 0.512000
1535 0.498000
1536 0.507000
1537 0.515000
1538 0.551000
1539 0.504000
1540 0.506000
1541 0.513000
1542 0.598000
1543 0.494000
1544 0.514000
1545 0.623000
1546 0.558000
1547 0.482000
1548 0.486000
1549 0.555000
1550 0.518000
1551 0.601000
1552 0.507000
1553 0.557000
1554 0.517000
1555 0.549000
1556 0.514000
1557 0.512000
1558 0.555000
1559 0.493000
1560 0.608000
1561 0.508000
1562 0.506000
1563 0.559000
1564 0.511000
1565 7.473000
1566 6.481000
1567 5.986000
1568 5.922000
1569 5.893000
1570 6.124000
1571 6.105000
1572 6.085000
1573 6.068000
1574 6.055000
1575 6.039000
1576 6.794000
1577 6.776000
1578 6.278000
1579 6.781000
1580 6.746000
1581 6.706000
1582 6.954000
1583 6.741000
1584 6.963000
1585 6.921000
1586 6.479000
1587 5.493000
1588 4.505000
1589 3.515000
1590 2.527000
1591 1.538000
1592 0.753000
1593 0.505000
1594 0.442000
1595 0.459000
1596 0.558000
1597 0.470000
1598 0.574000
1599 0.529000
1600 0.492000
1601 0.507000
1602 0.519000
1603 0.563000
1604 0.576000
1605 0.517000
1606 0.595000
1607 0.564000
1608 0.577000
1609 0.531000
1610 0.549000
1611 0.494000
1612 0.492000
1613 0.508000
1614 0.512000
1615 0.529000
1616 0.487000
1617 0.491000
1618 0.503000
1619 0.473000
1620 0.547000
1621 0.498000
1622 0.507000
1623 0.490000
1624 0.526000
1625 0.533000
1626 0.514000
1627 0.523000
1628 0.578000
1629 0.583000
1630 0.539000
1631 0.551000
1632 0.523000
1633 0.499000
1634 0.516000
1635 0.522000
1636 0.530000
1637 0.538000
1638 0.498000
1639 0.560000
1640 0.602000
1641 0.485000
1642 0.591000
1643 0.672000
1644 0.587000
1645 0.512000
1646 0.538000
1647 0.530000
1648 0.538000
1649 0.538000
1650 0.564000
1651 0.627000
1652 0.696000
1653 0.609000
1654 0.538000
1655 0.544000
1656 0.555000
1657 0.522000
1658 0.576000
1659 0.514000
1660 0.557000
1661 0.478000
1662 0.489000
1663 0.590000
1664 0.577000
1665 2.730000
1666 8.105000
1667 7.118000
1668 6.623000
1669 6.607000
1670 6.836000
1671 6.804000
1672 7.260000
1673 7.221000
1674 7.219000
1675 7.186000
1676 7.195000
1677 7.422000
1678 7.408000
1679 7.391000
1680 7.394000
1681 7.890000
1682 7.864000
1683 7.372000
1684 8.096000
1685 8.367000
1686 7.380000
1687 6.392000
1688 5.403000
1689 4.415000
1690 3.426000
1691 2.438000
1692 1.449000
1693 0.657000
1694 0.473000
1695 0.463000
1696 0.520000
1697 0.490000
1698 0.576000
1699 0.495000
1700 0.571000
1701 0.611000
1702 0.578000
1703 0.611000
1704 0.571000
1705 0.611000
1706 0.529000
1707 0.636000
1708 0.564000
1709 0.578000
1710 0.541000
1711 0.521000
1712 0.570000
1713 0.573000
1714 0.491000
1715 0.499000
1716 0.516000
1717 0.535000
1718 0.543000
1719 0.556000
1720 0.585000
1721 0.531000
1722 0.447000
1723 0.498000
1724 0.508000
1725 0.520000
1726 0.488000
1727 0.501000
1728 0.513000
1729 0.493000
1730 0.569000
1731 0.539000
1732 0.498000
1733 0.563000
1734 0.546000
1735 0.555000
1736 0.553000
1737 0.487000
1738 0.497000
1739 0.477000
1740 0.611000
1741 0.500000
1742 0.521000
1743 0.584000
1744 0.526000
1745 0.481000
1746 0.450000
1747 0.500000
1748 0.595000
1749 0.578000
1750 0.476000
1751 0.499000
1752 0.483000
1753 0.469000
1754 0.478000
1755 0.423000
1756 0.526000
1757 0.438000
1758 0.447000
1759 0.458000
1760 0.508000
1761 0.477000
1762 0.484000
1763 0.494000
1764 0.505000
1765 0.516000
1766 0.523000
1767 9.422000
1768 8.436000
1769 7.899000
1770 8.135000
1771 8.117000
1772 8.136000
1773 8.103000
1774 8.603000
1775 8.594000
1776 8.585000
1777 8.800000
1778 8.796000
1779 8.763000
1780 8.759000
1781 8.739000
1782 8.725000
1783 8.683000
1784 8.682000
1785 9.664000
1786 8.665000
1787 7.674000
1788 6.673000
1789 5.671000
1790 4.678000
1791 3.676000
1792 2.674000
1793 1.682000
1794 0.683000
1795 0.508000
1796 0.505000
1797 0.464000
1798 0.490000
1799 0.548000
1800 0.513000
1801 0.611000
1802 0.506000
1803 0.504000
1804 0.608000
1805 0.507000
1806 0.513000
1807 0.483000
1808 0.509000
1809 0.607000
1810 0.631000
1811 0.554000
1812 0.511000
1813 0.576000
1814 0.512000
1815 0.622000
1816 0.608000
1817 0.575000
1818 0.513000
1819 0.509000
1820 0.604000
1821 0.575000
1822 0.510000
1823 0.507000
1824 0.609000
1825 0.515000
1826 0.510000
1827 0.547000
1828 0.511000
1829 0.499000
1830 0.509000
1831 0.507000
1832 0.578000
1833 0.512000
1834 0.509000
1835 0.506000
1836 0.511000
1837 0.512000
1838 0.508000
1839 0.554000
1840 0.508000
1841 0.594000
1842 0.491000
1843 0.512000
1844 0.521000
1845 0.569000
1846 0.503000
1847 0.510000
1848 0.506000
1849 0.515000
1850 0.512000
1851 0.511000
1852 0.546000
1853 0.513000
1854 0.516000
1855 0.520000
1856 0.509000
1857 0.571000
1858 0.510000
1859 0.507000
1860 0.513000
1861 0.526000
1862 0.509000
1863 0.515000
1864 0.510000
1865 0.559000
1866 0.520000
1867 10.350000
1868 9.351000
1869 8.854000
1870 9.059000
1871 9.041000
1872 8.765000
1873 9.252000
1874 8.740000
1875 9.470000
1876 9.426000
1877 9.678000
1878 9.399000
1879 9.655000
1880 9.896000
1881 9.394000
1882 9.853000
1883 10.081000
1884 10.391000
1885 9.404000
1886 8.417000
1887 7.429000
1888 6.440000
1889 5.446000
1890 4.458000
1891 3.456000
1892 2.468000
1893 1.480000
1894 0.667000
1895 0.371000
1896 0.414000
1897 0.436000
1898 0.468000
1899 0.560000
1900 0.641000
1901 0.640000
1902 0.559000
1903 0.736000
1904 0.647000
1905 0.604000
1906 0.535000
1907 0.534000
1908 0.585000
1909 0.614000
1910 0.501000
1911 0.587000
1912 0.597000
1913 0.608000
1914 0.589000
1915 0.662000
1916 0.601000
1917 0.576000
1918 0.584000
1919 0.627000
1920 0.638000
1921 0.686000
1922 0.668000
1923 0.544000
1924 0.459000
1925 0.509000
1926 0.482000
1927 0.588000
1928 0.498000
1929 0.505000
1930 0.518000
1931 0.506000
1932 0.518000
1933 0.548000
1934 0.536000
1935 0.451000
1936 0.499000
1937 0.509000
1938 0.492000
1939 0.542000
1940 0.513000
1941 0.557000
1942 0.509000
1943 0.570000
1944 0.514000
1945 0.522000
1946 0.530000
1947 0.488000
1948 0.555000
1949 0.633000
1950 0.519000
1951 0.489000
1952 0.593000
1953 0.602000
1954 0.552000
1955 0.516000
1956 0.617000
1957 0.588000
1958 0.548000
1959 0.487000
1960 0.503000
1961 0.593000
1962 0.686000
1963 0.525000
1964 0.595000
1965 0.673000
1966 0.688000
1967 0.530000
1968 9.241000
1969 10.687000
1970 9.701000
1971 9.693000
1972 9.699000
1973 9.684000
1974 10.389000
1975 10.357000
1976 10.873000
1977 10.858000
1978 10.853000
1979 10.836000
1980 10.803000
1981 11.015000
1982 11.003000
1983 10.979000
1984 10.965000
1985 10.769000
1986 9.770000
1987 8.782000
1988 7.794000
1989 6.804000
1990 5.816000
1991 4.828000
1992 3.839000
1993 2.851000
1994 1.857000
1995 0.870000
1996 0.521000
1997 0.490000
1998 0.411000
1999 0.512000
2000 0.473000
2001 0.555000
2002 0.497000
2003 0.591000
2004 0.610000
2005 0.604000
2006 0.580000
2007 0.550000
2008 0.600000
2009 0.605000
2010 0.497000
2011 0.479000
2012 0.507000
2013 0.639000
2014 0.478000
2015 0.603000
2016 0.512000
2017 0.633000
2018 0.548000
2019 0.490000
2020 0.552000
2021 0.509000
2022 0.591000
2023 0.506000
2024 0.512000
2025 0.555000
2026 0.496000
2027 0.602000
2028 0.509000
2029 0.610000
2030 0.507000
2031 0.515000
2032 0.549000
2033 0.510000
2034 0.583000
2035 0.518000
2036 0.509000
2037 0.514000
2038 0.512000
2039 0.515000
2040 0.499000
2041 0.552000
2042 0.542000
2043 0.607000
2044 0.553000
2045 0.633000
2046 0.606000
2047 0.547000
2048 0.511000
2049 0.628000
2050 0.513000
2051 0.617000
2052 0.483000
2053 0.636000
2054 0.509000
2055 0.622000
2056 0.512000
2057 0.630000
2058 0.550000
2059 0.497000
2060 0.532000
2061 0.584000
2062 0.555000
2063 0.533000
2064 0.585000
2065 0.592000
2066 0.542000
2067 0.578000
2068 6.322000
2069 12.187000
2070 11.202000
2071 11.169000
2072 11.154000
2073 11.397000
2074 11.130000
2075 11.382000
2076 11.625000
2077 11.597000
2078 12.059000
2079 11.783000
2080 11.829000
2081 12.297000
2082 12.063000
2083 12.276000
2084 12.071000
2085 11.084000
2086 10.095000
2087 9.108000
2088 8.120000
2089 7.131000
2090 6.142000
2091 5.156000
2092 4.165000
2093 3.177000
2094 2.188000
2095 1.202000
2096 0.631000
2097 0.509000
2098 0.395000
2099 0.478000
2100 0.494000
2101 0.466000
2102 0.471000
2103 0.505000
2104 0.510000
2105 0.519000
2106 0.502000
2107 0.516000
2108 0.521000
2109 0.532000
2110 0.539000
2111 0.554000
2112 0.514000
2113 0.517000
2114 0.526000
2115 0.499000
2116 0.508000
2117 0.513000
2118 0.484000
2119 0.493000
2120 0.526000
2121 0.510000
2122 0.540000
2123 0.525000
2124 0.544000
2125 0.578000
2126 0.584000
2127 0.456000
2128 0.480000
2129 0.494000
2130 0.503000
2131 0.513000
2132 0.526000
2133 0.570000
2134 0.646000
2135 0.481000
2136 0.539000
2137 0.488000
2138 0.543000
2139 0.549000
2140 0.481000
2141 0.488000
2142 0.615000
2143 0.563000
2144 0.507000
2145 0.511000
2146 0.510000
2147 0.500000
2148 0.495000
2149 0.509000
2150 0.510000
2151 0.608000
2152 0.519000
2153 0.509000
2154 0.509000
2155 0.499000
2156 0.492000
2157 0.510000
2158 0.549000
2159 0.508000
2160 0.547000
2161 0.514000
2162 0.511000
2163 0.500000
2164 0.489000
2165 0.550000
2166 0.507000
2167 0.566000
2168 5.359000
2169 13.208000
2170 12.209000
2171 12.184000
2172 12.185000
2173 12.379000
2174 12.119000
2175 12.337000
2176 12.084000
2177 13.061000
2178 12.765000
2179 13.007000
2180 12.751000
2181 12.697000
2182 12.927000
2183 12.946000
2184 11.958000
2185 10.957000
2186 9.956000
2187 8.955000
2188 7.961000
2189 6.960000
2190 5.956000
2191 4.966000
2192 3.978000
2193 2.989000
2194 2.000000
2195 1.011000
2196 0.659000
2197 0.485000
2198 0.428000
2199 0.502000
2200 0.540000
2201 0.485000
2202 0.538000
2203 0.509000
2204 0.501000
2205 0.512000
2206 0.631000
2207 0.514000
2208 0.490000
2209 0.511000
2210 0.635000
2211 0.508000
2212 0.514000
2213 0.632000
2214 0.546000
2215 0.510000
2216 0.511000
2217 0.547000
2218 0.512000
2219 0.516000
2220 0.550000
2221 0.546000
2222 0.515000
2223 0.459000
2224 0.573000
2225 0.506000
2226 0.626000
2227 0.506000
2228 0.482000
2229 0.594000
2230 0.509000
2231 0.542000
2232 0.515000
2233 0.475000
2234 0.512000
2235 0.503000
2236 0.557000
2237 0.510000
2238 0.553000
2239 0.481000
2240 0.510000
2241 0.511000
2242 0.515000
2243 0.589000
2244 0.521000
2245 0.601000
2246 0.514000
2247 0.460000
2248 0.507000
2249 0.513000
2250 0.510000
2251 0.506000
2252 0.546000
2253 0.519000
2254 0.512000
2255 0.462000
2256 0.510000
2257 0.489000
2258 0.490000
2259 0.505000
2260 0.511000
2261 0.508000
2262 0.511000
2263 0.545000
2264 0.506000
2265 0.492000
2266 0.486000
2267 0.511000
2268 0.514000
2269 14.446000
2270 13.447000
2271 12.927000
2272 12.917000
2273 12.885000
2274 13.107000
2275 13.066000
2276 13.560000
2277 13.527000
2278 13.469000
2279 13.482000
2280 13.483000
2281 13.703000
2282 13.660000
2283 13.455000
2284 12.469000
2285 11.481000
2286 10.488000
2287 9.499000
2288 8.512000
2289 7.524000
2290 6.535000
2291 5.547000
2292 4.558000
2293 3.570000
2294 2.582000
2295 1.593000
2296 0.766000
2297 0.448000
2298 0.433000
2299 0.354000
2300 0.414000
2301 0.513000
2302 0.488000
2303 0.568000
2304 0.535000
2305 0.542000
2306 0.515000
2307 0.565000
2308 0.497000
2309 0.494000
2310 0.463000
2311 0.565000
2312 0.531000
2313 0.501000
2314 0.519000
2315 0.531000
2316 0.497000
2317 0.529000
2318 0.640000
2319 0.524000
2320 0.534000
2321 0.586000
2322 0.595000
2323 0.467000
2324 0.519000
2325 0.528000
2326 0.600000
2327 0.547000
2328 0.559000
2329 0.576000
2330 0.539000
2331 0.548000
2332 0.541000
2333 0.546000
2334 0.557000
2335 0.563000
2336 0.538000
2337 0.603000
2338 0.622000
2339 0.528000
2340 0.529000
2341 0.640000
2342 0.648000
2343 0.559000
2344 0.546000
2345 0.495000
2346 0.564000
2347 0.534000
2348 0.603000
2349 0.538000
2350 0.607000
2351 0.603000
2352 0.555000
2353 0.523000
2354 0.534000
2355 0.520000
2356 0.514000
2357 0.480000
2358 0.536000
2359 0.498000
2360 0.511000
2361 0.479000
2362 0.582000
2363 0.541000
2364 0.550000
2365 0.522000
2366 0.525000
2367 0.543000
2368 0.486000
2369 5.154000
2370 15.000000
2371 14.014000
2372 13.965000
2373 13.973000
2374 14.441000
2375 13.961000
2376 14.166000
2377 14.643000
2378 14.632000
2379 14.612000
2380 14.590000
2381 14.559000
2382 14.870000
2383 13.871000
2384 12.880000
2385 11.876000
2386 10.887000
2387 9.899000
2388 8.911000
2389 7.922000
2390 6.934000
2391 5.946000
2392 4.957000
2393 3.969000
2394 2.980000
2395 1.992000
2396 1.131000
2397 0.630000
2398 0.426000
2399 0.474000
2400 0.421000
2401 0.513000
2402 0.518000
2403 0.604000
2404 0.507000
2405 0.513000
2406 0.512000
2407 0.496000
2408 0.544000
2409 0.511000
2410 0.606000
2411 0.499000
2412 0.506000
2413 0.511000
2414 0.499000
2415 0.548000
2416 0.499000
2417 0.488000
2418 0.552000
2419 0.511000
2420 0.498000
2421 0.512000
2422 0.508000
2423 0.506000
2424 0.506000
2425 0.487000
2426 0.547000
2427 0.485000
2428 0.548000
2429 0.494000
2430 0.508000
2431 0.512000
2432 0.462000
2433 0.556000
2434 0.479000
2435 0.514000
2436 0.503000
2437 0.503000
2438 0.551000
2439 0.477000
2440 0.467000
2441 0.487000
2442 0.429000
2443 0.423000
2444 0.473000
2445 0.511000
2446 0.505000
2447 0.498000
2448 0.471000
2449 0.490000
2450 0.451000
2451 0.485000
2452 0.486000
2453 0.533000
2454 0.494000
2455 0.471000
2456 0.574000
2457 0.488000
2458 0.489000
2459 0.472000
2460 0.571000
2461 0.578000
2462 0.603000
2463 0.474000
2464 0.481000
2465 0.581000
2466 0.531000
2467 0.495000
2468 0.490000
2469 0.480000
2470 13.532000
2471 15.496000
2472 14.501000
2473 14.474000
2474 14.948000
2475 15.147000
2476 15.120000
2477 15.110000
2478 15.090000
2479 15.063000
2480 15.040000
2481 15.494000
2482 15.547000
2483 14.538000
2484 13.540000
2485 12.543000
2486 11.544000
2487 10.547000
2488 9.548000
2489 8.552000
2490 7.552000
2491 6.552000
2492 5.556000
2493 4.561000
2494 3.561000
2495 2.557000
2496 1.557000
2497 0.966000
2498 0.490000
2499 0.366000
2500 0.406000
2501 0.465000
2502 0.469000
2503 0.533000
2504 0.488000
2505 0.595000
2506 0.582000
2507 0.577000
2508 0.559000
2509 0.583000
2510 0.618000
2511 0.489000
2512 0.488000
2513 0.532000
2514 0.467000
2515 0.532000
2516 0.556000
2517 0.468000
2518 0.582000
2519 0.473000
2520 0.583000
2521 0.476000
2522 0.618000
2523 0.530000
2524 0.528000
2525 0.575000
2526 0.526000
2527 0.594000
2528 0.533000
2529 0.606000
2530 0.531000
2531 0.532000
2532 0.570000
2533 0.528000
2534 0.609000
2535 0.473000
2536 0.609000
2537 0.533000
2538 0.476000
2539 0.605000
2540 0.530000
2541 0.578000
2542 0.526000
2543 0.492000
2544 0.528000
2545 0.532000
2546 0.532000
2547 0.474000
2548 0.556000
2549 0.478000
2550 0.594000
2551 0.471000
2552 0.604000
2553 0.475000
2554 0.476000
2555 0.594000
2556 0.490000
2557 0.534000
2558 0.591000
2559 0.532000
2560 0.527000
2561 0.534000
2562 0.474000
2563 0.620000
2564 0.477000
2565 0.473000
2566 0.593000
2567 0.474000
2568 0.530000
2569 5.175000
2570 16.458000
2571 15.463000
2572 15.659000
2573 15.872000
2574 15.614000
2575 15.840000
2576 15.578000
2577 15.747000
2578 16.040001
2579 15.996000
2580 16.483999
2581 16.058001
2582 15.061000
2583 14.061000
2584 13.064000
2585 12.064000
2586 11.067000
2587 10.068000
2588 9.069000
2589 8.074000
2590 7.075000
2591 6.079000
2592 5.078000
2593 4.078000
2594 3.074000
2595 2.077000
2596 1.082000
2597 0.697000
2598 0.495000
2599 0.470000
2600 0.618000
2601 0.475000
2602 0.621000
2603 0.622000
2604 0.609000
2605 0.591000
2606 0.723000
2607 0.530000
2608 0.526000
2609 0.571000
2610 0.733000
2611 0.621000
2612 0.616000
2613 0.596000
2614 0.621000
2615 0.742000
2616 0.742000
2617 0.608000
2618 0.610000
2619 0.615000
2620 0.636000
2621 0.721000
2622 0.734000
2623 0.619000
2624 0.597000
2625 0.582000
2626 0.585000
2627 0.621000
2628 0.530000
2629 0.595000
2630 0.602000
2631 0.584000
2632 0.525000
2633 0.504000
2634 0.531000
2635 0.478000
2636 0.620000
2637 0.535000
2638 0.533000
2639 0.535000
2640 0.478000
2641 0.476000
2642 0.602000
2643 0.609000
2644 0.478000
2645 0.480000
2646 0.623000
2647 0.534000
2648 0.589000
2649 0.571000
2650 0.607000
2651 0.476000
2652 0.480000
2653 0.535000
2654 0.593000
2655 0.532000
2656 0.532000
2657 0.533000
2658 0.744000
2659 0.617000
2660 0.722000
2661 0.594000
2662 0.619000
2663 0.593000
2664 0.620000
2665 0.537000
2666 0.477000
2667 0.473000
2668 0.587000
2669 0.478000
2670 15.862000
2671 16.576000
2672 16.511999
2673 16.531000
2674 16.488001
2675 16.723000
2676 16.695999
2677 16.660000
2678 16.655001
2679 17.103001
2680 16.598000
2681 16.408001
2682 15.413000
2683 14.415000
2684 13.416000
2685 12.417000
2686 11.422000
2687 10.421000
2688 9.422000
2689 8.424000
2690 7.425000
2691 6.426000
2692 5.428000
2693 4.430000
2694 3.431000
2695 2.435000
2696 1.433000
2697 0.736000
2698 0.493000
2699 0.418000
2700 0.417000
2701 0.474000
2702 0.579000
2703 0.573000
2704 0.477000
2705 0.592000
2706 0.585000
2707 0.603000
2708 0.564000
2709 0.580000
2710 0.621000
2711 0.494000
2712 0.623000
2713 0.584000
2714 0.534000
2715 0.479000
2716 0.543000
2717 0.480000
2718 0.606000
2719 0.560000
2720 0.593000
2721 0.583000
2722 0.607000
2723 0.595000
2724 0.478000
2725 0.475000
2726 0.604000
2727 0.475000
2728 0.476000
2729 0.609000
2730 0.476000
2731 0.476000
2732 0.469000
2733 0.535000
2734 0.476000
2735 0.475000
2736 0.526000
2737 0.478000
2738 0.480000
2739 0.609000
2740 0.481000
2741 0.481000
2742 0.474000
2743 0.474000
2744 0.478000
2745 0.538000
2746 0.476000
2747 0.605000
2748 0.484000
2749 0.478000
2750 0.532000
2751 0.476000
2752 0.588000
2753 0.498000
2754 0.477000
2755 0.473000
2756 0.478000
2757 0.532000
2758 0.470000
2759 0.579000
2760 0.491000
2761 0.473000
2762 0.472000
2763 0.472000
2764 0.550000
2765 0.473000
2766 0.594000
2767 0.475000
2768 0.476000
2769 0.472000
2770 13.207000
2771 12.212000
2772 11.447000
2773 10.933000
2774 92.084999








2783 83.089996
2784 82.097000
2785 81.097000
2786 80.100998
2787 79.103996
2788 78.109001
2789 77.109001
2790 76.114998
2791 75.116997
2792 74.120003
2793 73.122002
2794 72.125000
2795 71.125999
2796 70.126999
2797 69.128998
2798 68.129997
2799 67.132004
2800 66.133003
2801 65.136002
2802 64.137001
2803 63.138000
2804 62.139999
2805 61.141998
2806 60.144001


















2825 41.375999
2826 40.389999






2833 33.436001
2834 32.449001
2835 31.465000
2836 30.479000
2837 29.493999
2838 28.497999
2839 27.503000
2840 26.507000
2841 25.492001
2842 24.500999
2843 23.504999
2844 22.509001
2845 21.518000
2846 20.521999
2847 19.525999
2848 18.305000
2849 17.285999
2850 16.294001
2851 15.308000
2852 14.320000
2853 13.333000
2854 12.339000
2855 11.344000
2856 10.350000
2857 9.364000
2858 8.375000
2859 7.380000
2860 6.387000
2861 5.395000
2862 4.402000
2863 3.596000
2864 2.568000
2865 1.609000
2866 1.006000
2867 1.030000
2868 1.169000
2869 0.992000
2870 1.197000
2871 1.100000
2872 1.033000
2873 1.191000
2874 1.210000
2875 1.164000
2876 1.259000
2877 1.152000
2878 1.196000
2879 1.114000
2880 1.031000
2881 1.154000
2882 1.236000
2883 1.195000
2884 1.178000
2885 1.185000
2886 1.184000
2887 1.112000
2888 1.037000
2889 1.025000
2890 1.016000
2891 0.991000
2892 1.170000
2893 1.175000
2894 1.108000
2895 1.071000
2896 1.040000
2897 1.156000
2898 1.076000
2899 1.019000
2900 1.014000
2901 1.177000
2902 1.123000
2903 1.054000
2904 1.023000
2905 1.063000
2906 1.000000
2907 1.014000
2908 1.047000
2909 1.120000
2910 1.111000
2911 1.013000
2912 1.058000
2913 1.074000
2914 0.886000
2915 0.958000
2916 1.019000
2917 1.088000
2918 1.151000
2919 0.983000
2920 1.049000
2921 1.026000
2922 1.017000
2923 1.004000
2924 1.070000
2925 1.125000
2926 1.093000
2927 1.070000
2928 1.081000
2929 0.983000
2930 0.966000
2931 0.984000
2932 1.091000
2933 1.030000
2934 1.057000
2935 1.033000
2936 1.035000
2937 1.078000
2938 1.053000
2939 1.053000
2940 1.062000
2941 1.112000
2942 1.058000
2943 0.986000
2944 0.954000
2945 1.018000
2946 0.980000
2947 0.999000
2948 1.058000
2949 1.171000
2950 1.126000
2951 1.085000
2952 1.012000
2953 1.041000
2954 1.073000
2955 1.045000
2956 1.075000
2957 1.128000
2958 1.079000
2959 1.098000
2960 1.050000
2961 1.060000
2962 1.098000
2963 0.859000
2964 0.947000
2965 1.139000
2966 1.153000
2967 1.053000
2968 0.991000
2969 0.993000
2970 0.981000
2971 0.989000
2972 1.054000
2973 1.059000
2974 1.171000
2975 1.017000
2976 1.018000
2977 1.104000
2978 1.077000
2979 0.987000
2980 1.046000
2981 1.019000
2982 1.030000
2983 1.095000
2984 1.062000
2985 1.058000
2986 1.076000
2987 1.126000
2988 0.980000
2989 1.005000
2990 1.095000
2991 1.160000
2992 0.992000
2993 0.957000
2994 1.015000
2995 1.029000
2996 0.949000
2997 0.967000
2998 1.049000
2999 1.071000
3000 1.025000
3001 0.955000
3002 1.010000
3003 1.040000
3004 0.931000
3005 0.976000
3006 1.114000
3007 1.029000
3008 0.998000
3009 1.036000
3010 1.072000
3011 1.049000
3012 0.999000
3013 1.005000
3014 1.057000
3015 1.078000
3016 0.980000
3017 1.047000
3018 0.972000
3019 0.937000
3020 0.910000
3021 0.944000
3022 1.096000
3023 1.060000
3024 1.043000
3025 1.097000
3026 1.148000
3027 1.170000
3028 1.070000
3029 1.158000
3030 1.196000
3031 1.104000
3032 1.121000
3033 1.104000
3034 1.155000
3035 1.169000
3036 1.121000
3037 1.131000
3038 1.065000
3039 1.164000
3040 1.025000
3041 0.992000
3042 0.965000
3043 1.054000
3044 1.012000
3045 0.989000
3046 1.079000
3047 1.052000
3048 1.097000
3049 1.031000
3050 1.021000
3051 1.111000
3052 0.973000
3053 1.042000
3054 1.138000
3055 1.097000
3056 0.974000
3057 0.982000
3058 1.006000
3059 1.071000
3060 0.970000
3061 0.895000
3062 0.952000
3063 1.123000
3064 0.917000
3065 0.988000
3066 1.064000
3067 1.005000
3068 0.964000
3069 0.965000
3070 1.078000
3071 1.095000
3072 1.052000
3073 0.956000
3074 1.010000
3075 1.075000
3076 1.013000
3077 1.125000
3078 1.053000
3079 1.051000
3080 0.935000
3081 0.984000
3082 0.917000
3083 0.991000
3084 1.103000
3085 1.044000
3086 1.119000
3087 1.017000
3088 1.040000
3089 1.090000
3090 0.963000
3091 1.001000
3092 1.014000
3093 0.993000
3094 0.941000
3095 0.917000
3096 1.050000
3097 0.929000
3098 1.041000
3099 1.032000
3100 0.937000
3101 1.023000
3102 1.049000
3103 1.111000
3104 0.945000
3105 0.936000
3106 0.936000
3107 0.991000
3108 0.923000
3109 1.016000
3110 1.057000
3111 1.066000
3112 1.004000
3113 0.891000
3114 1.056000
3115 1.008000
3116 0.947000
3117 1.043000
3118 1.079000
3119 1.079000
3120 0.954000
3121 0.971000
3122 1.046000
3123 1.028000
3124 0.979000
3125 0.987000
3126 1.041000
3127 1.023000
3128 0.953000
3129 1.003000
3130 1.025000
3131 1.064000
3132 1.131000
3133 0.942000
3134 1.005000
3135 1.054000
3136 1.007000
3137 0.916000
3138 1.000000
3139 0.929000
3140 1.017000
3141 1.013000
3142 0.979000
3143 0.983000
3144 0.980000
3145 0.961000
3146 1.013000
3147 1.071000
3148 1.075000
3149 0.985000
3150 1.037000
3151 1.026000
3152 0.992000
3153 0.885000
3154 0.921000
3155 0.948000
3156 1.029000
3157 0.942000
3158 0.973000
3159 1.040000
3160 0.969000
3161 0.863000
3162 0.928000
3163 0.995000
3164 1.046000
3165 0.960000
3166 1.059000
3167 1.068000
3168 1.034000
3169 0.935000
3170 0.958000
3171 1.027000
3172 1.089000
3173 1.028000
3174 0.970000
3175 1.045000
3176 1.035000
3177 0.849000
3178 0.796000
3179 1.079000
3180 1.078000
3181 0.960000
3182 1.039000
3183 1.139000
3184 1.109000
3185 0.899000
3186 1.051000
3187 0.978000
3188 0.981000
3189 1.003000
3190 1.093000
3191 1.081000
3192 1.018000
3193 0.915000
3194 0.928000
3195 1.010000
3196 1.016000
3197 0.888000
3198 0.936000
3199 1.067000
3200 1.014000
3201 0.927000
3202 0.911000
3203 1.054000
3204 1.045000
3205 1.046000
3206 1.040000
3207 1.045000
3208 0.987000
3209 0.936000
3210 0.968000
3211 1.022000
3212 0.992000
3213 0.964000
3214 1.032000
3215 1.005000
3216 1.022000
3217 0.952000
3218 1.009000
3219 1.061000
3220 0.920000
3221 0.972000
3222 1.068000
3223 1.071000
3224 1.128000
3225 0.860000
3226 0.984000
3227 1.082000
3228 1.046000
3229 1.045000
3230 0.970000
3231 1.000000
3232 1.151000
3233 1.031000
3234 0.886000
3235 0.973000
3236 0.903000
3237 1.005000
3238 1.043000
3239 1.057000
3240 1.075000
3241 0.999000
3242 0.952000
3243 1.092000
3244 0.991000
3245 0.931000
3246 0.998000
3247 1.060000
3248 1.135000
3249 0.901000
3250 0.968000
3251 0.966000
3252 0.972000
3253 0.989000
3254 1.043000
3255 1.075000
3256 1.143000
3257 0.925000
3258 0.974000
3259 0.996000
3260 1.023000
3261 0.992000
3262 0.990000
3263 1.065000
3264 1.013000
3265 0.952000
3266 0.890000
3267 0.951000
3268 0.983000
3269 0.973000
3270 0.988000
3271 1.057000
3272 0.978000
3273 1.033000
3274 0.930000
3275 1.040000
3276 1.053000
3277 1.057000
3278 1.069000
3279 1.147000
3280 1.166000
3281 1.032000
3282 0.978000
3283 1.053000
3284 1.001000
3285 0.967000
3286 1.003000
3287 1.126000
3288 1.181000
3289 1.020000
3290 0.915000
3291 1.013000
3292 0.978000
3293 1.119000
3294 0.951000
3295 1.105000
3296 1.034000
3297 0.824000
3298 0.914000
3299 1.085000
3300 1.010000
3301 0.897000
3302 0.894000
3303 0.985000
3304 1.079000
3305 1.061000
3306 0.951000
3307 0.870000
3308 1.123000
3309 1.028000
3310 1.003000
3311 0.958000
3312 1.154000
3313 1.019000
3314 0.857000
3315 0.920000
3316 1.004000
3317 1.005000
3318 1.005000
3319 0.993000
3320 1.075000
3321 1.001000
3322 0.837000
3323 0.947000
3324 1.051000
3325 1.049000
3326 1.037000
3327 1.019000
3328 1.101000
3329 1.036000
3330 0.929000
3331 0.928000
3332 0.893000
3333 0.951000
3334 1.029000
3335 0.987000
3336 1.047000
3337 1.057000
3338 0.918000
3339 0.986000
3340 1.070000
3341 1.061000
3342 1.031000
3343 0.999000
3344 1.011000
3345 1.061000
3346 1.038000
3347 0.963000
3348 1.047000
3349 1.013000
3350 0.967000
3351 0.965000
3352 1.113000
3353 1.004000
3354 0.916000
3355 0.998000
3356 1.044000
3357 1.045000
3358 1.048000
3359 0.853000
3360 1.120000
3361 1.090000
3362 0.921000
3363 0.980000
3364 0.967000
3365 1.016000
3366 0.951000
3367 0.946000
3368 1.137000
3369 1.133000
3370 1.033000
3371 0.948000
3372 1.065000
3373 1.111000
3374 1.011000
3375 0.967000
3376 1.027000
3377 1.016000
3378 0.890000
3379 0.939000
3380 0.981000
3381 1.028000
3382 0.980000
3383 1.009000
3384 1.127000
3385 1.017000
3386 1.023000
3387 0.979000
3388 1.002000
3389 1.009000
3390 1.045000
3391 1.096000
3392 1.153000
3393 1.116000
3394 1.056000
3395 0.973000
3396 1.097000
3397 1.040000
3398 0.999000
3399 1.021000
3400 1.125000
3401 1.015000
3402 0.967000
3403 0.957000
3404 0.988000
3405 0.914000
3406 0.922000
3407 0.917000
3408 1.130000
3409 1.033000
3410 1.047000
3411 0.947000
3412 0.958000
3413 0.875000
3414 0.876000
3415 0.913000
3416 1.097000
3417 1.017000
3418 0.939000
3419 0.915000
3420 1.058000
3421 0.964000
3422 1.008000
3423 1.075000
3424 1.137000
3425 1.003000
3426 1.017000
3427 0.979000
3428 1.002000
3429 0.998000
3430 0.967000
3431 1.105000
3432 1.150000
3433 1.010000
3434 0.999000
3435 0.930000
3436 1.041000
3437 1.066000
3438 1.045000
3439 1.045000
3440 1.122000
3441 1.120000
3442 1.008000
3443 0.994000
3444 1.102000
3445 1.037000
3446 0.992000
3447 1.012000
3448 1.137000
3449 1.115000
3450 0.951000
3451 0.953000
3452 0.927000
3453 1.035000
3454 1.003000
3455 1.007000
3456 1.111000
3457 1.110000
3458 0.940000
3459 0.929000
3460 1.038000
3461 1.045000
3462 0.990000
3463 1.038000
3464 1.152000
3465 1.105000
3466 0.871000
3467 0.882000
3468 0.948000
3469 1.034000
3470 1.063000
3471 1.033000
3472 1.092000
3473 0.978000
3474 0.909000
3475 0.920000
3476 1.010000
3477 1.027000
3478 1.028000
3479 0.988000
3480 0.916000
3481 0.950000
3482 0.970000
3483 0.942000
3484 0.972000
3485 1.012000
3486 1.063000
3487 0.933000
3488 0.957000
3489 0.993000
3490 0.985000
3491 0.875000
3492 0.968000
3493 1.061000
3494 0.983000
3495 0.970000
3496 0.972000
3497 0.984000
3498 1.065000
3499 0.899000
3500 0.978000
3501 0.988000
3502 1.043000
3503 0.966000
3504 0.988000
3505 0.934000
3506 0.871000
3507 0.937000
3508 0.914000
3509 1.059000
3510 1.044000
3511 1.027000
3512 1.022000
3513 1.075000
3514 0.963000
3515 0.932000
3516 0.925000
3517 0.920000
3518 0.988000
3519 0.927000
3520 0.957000
3521 0.886000
3522 0.995000
3523 0.874000
3524 0.986000
3525 1.086000
3526 0.967000
3527 0.977000
3528 1.007000
3529 0.974000
3530 1.006000
3531 0.936000
3532 0.959000
3533 1.022000
3534 1.073000
3535 1.014000
3536 1.071000
3537 1.035000
3538 1.047000
3539 0.996000
3540 1.024000
3541 1.090000
3542 1.116000
3543 1.009000
3544 0.964000
3545 1.033000
3546 1.065000
3547 0.914000
3548 1.048000
3549 1.054000
3550 1.054000
3551 0.891000
3552 0.974000
3553 1.016000
3554 1.007000
3555 0.883000
3556 0.934000
3557 0.928000
3558 1.054000
3559 1.005000
3560 0.988000
3561 1.062000
3562 0.997000
3563 0.909000
3564 1.020000
3565 1.016000
3566 0.974000
3567 0.971000
3568 1.050000
3569 1.079000
3570 0.985000
3571 0.980000
3572 0.941000
3573 1.021000
3574 0.995000
3575 0.947000
3576 1.066000
3577 0.989000
3578 0.963000
3579 0.901000
3580 0.918000
3581 0.938000
3582 0.989000
3583 0.983000
3584 0.962000
3585 1.013000
3586 0.913000
3587 0.919000
3588 0.861000
3589 0.987000
3590 0.992000
3591 1.004000
3592 0.994000
3593 1.000000
3594 0.937000
3595 0.891000
3596 0.853000
3597 0.969000
3598 0.993000
3599 0.956000
3600 0.876000
3601 0.968000
3602 1.025000
3603 0.869000
3604 0.880000
3605 0.981000
3606 1.005000
3607 1.003000
3608 0.981000
3609 1.062000
3610 1.017000
3611 0.946000
3612 0.834000
3613 0.938000
3614 1.030000
3615 0.985000
3616 0.893000
3617 0.895000
3618 0.993000
3619 0.948000
3620 0.853000
3621 0.929000
3622 1.019000
3623 0.981000
3624 1.044000
3625 0.969000
3626 0.972000
3627 0.991000
3628 0.861000
3629 0.994000
3630 0.959000
3631 0.962000
3632 0.994000
3633 0.959000
3634 0.987000
3635 0.948000
3636 0.957000
3637 0.907000
3638 0.977000
3639 0.994000
3640 0.953000
3641 1.044000
3642 1.049000
3643 1.026000
3644 0.912000
3645 0.982000
3646 1.006000
3647 1.010000
3648 0.917000
3649 0.830000
3650 0.952000
3651 1.021000
3652 0.970000
3653 0.934000
3654 0.995000
3655 0.914000
3656 0.876000
3657 0.857000
3658 0.992000
3659 1.013000
3660 1.000000
3661 0.987000
3662 1.034000
3663 1.035000
3664 0.946000
3665 0.903000
3666 0.936000
3667 1.054000
3668 0.938000
3669 0.958000
3670 1.078000
3671 1.037000
3672 0.993000
3673 0.888000
3674 0.931000
3675 0.933000
3676 0.853000
3677 1.030000
3678 0.976000
3679 0.986000
3680 0.952000
3681 1.005000
3682 0.995000
3683 0.995000
3684 0.853000
3685 0.970000
3686 1.016000
3687 1.078000
3688 1.069000
3689 0.977000
3690 1.046000
3691 0.979000
3692 0.988000
3693 0.981000
3694 1.109000
3695 1.107000
3696 1.028000
3697 0.924000
3698 1.027000
3699 0.889000
3700 0.835000
3701 0.954000
3702 1.058000
3703 1.052000
3704 1.050000
3705 0.902000
3706 1.014000
3707 0.955000
3708 1.029000
3709 0.993000
3710 1.025000
3711 1.024000
3712 1.029000
3713 1.003000
3714 0.977000
3715 1.016000
3716 1.029000
3717 0.970000
3718 1.031000
3719 1.027000
3720 0.908000
3721 0.911000
3722 1.051000
3723 1.024000
3724 0.969000
3725 0.992000
3726 1.063000
3727 0.979000
3728 1.014000
3729 0.904000
3730 1.039000
3731 0.959000
3732 1.016000
3733 1.005000
3734 1.119000
3735 0.960000
3736 1.036000
3737 0.963000
3738 0.988000
3739 0.989000
3740 0.889000
3741 0.914000
3742 0.982000
3743 0.981000
3744 1.025000
3745 0.915000
3746 1.042000
3747 1.073000
3748 0.942000
3749 0.949000
3750 1.054000
3751 1.051000
3752 0.836000
3753 0.900000
3754 0.881000
3755 0.896000
3756 0.916000
3757 0.834000
3758 1.088000
3759 1.067000
3760 0.864000
3761 0.905000
3762 1.003000
3763 1.009000
3764 0.907000
3765 0.850000
3766 1.011000
3767 0.959000
3768 0.859000
3769 0.914000
3770 0.972000
3771 1.019000
3772 0.976000
3773 0.970000
3774 1.042000
3775 1.075000
3776 0.912000
3777 0.910000
3778 1.016000
3779 1.026000
3780 0.902000
3781 0.911000
3782 0.971000
3783 1.014000
3784 0.964000
3785 0.884000
3786 0.872000
3787 1.003000
3788 0.951000
3789 0.904000
3790 1.054000
3791 1.055000
3792 1.019000
3793 0.988000
3794 0.883000
3795 1.076000
3796 1.092000
3797 1.017000
3798 1.060000
3799 1.065000
3800 1.142000
3801 0.821000
3802 0.988000
3803 0.969000
3804 0.916000
3805 0.836000
3806 0.847000
3807 0.790000
3808 0.892000
3809 0.865000
3810 1.306000
3811 0.769000
3812 0.733000
3813 0.834000
3814 0.924000
3815 0.908000
3816 0.926000
3817 0.960000
3818 0.935000
3819 0.946000
3820 0.893000
3821 0.938000
3822 0.996000
3823 0.991000
3824 0.912000
3825 0.894000
3826 0.885000
3827 0.958000
3828 0.955000
3829 0.926000
3830 0.905000
3831 0.956000
3832 0.966000
3833 0.970000
3834 0.932000
3835 0.962000
3836 0.985000
3837 0.996000
3838 0.982000
3839 0.948000
3840 0.958000
3841 0.866000
3842 0.970000
3843 0.985000
3844 1.024000
3845 0.949000
3846 1.003000
3847 0.991000
3848 1.022000
3849 1.003000
3850 1.046000
3851 0.999000
3852 1.019000
3853 0.983000
3854 0.887000
3855 0.992000
3856 0.923000
3857 0.848000
3858 0.894000
3859 0.962000
3860 1.025000
3861 0.946000
3862 0.944000
3863 0.945000
3864 0.884000
3865 0.889000
3866 0.968000
3867 0.973000
3868 0.948000
3869 0.942000
3870 0.923000
3871 1.067000
3872 0.975000
3873 0.967000
3874 0.971000
3875 0.973000
3876 1.004000
3877 0.892000
3878 0.886000
3879 0.994000
3880 1.003000
3881 0.821000
3882 0.832000
3883 0.988000
3884 1.039000
3885 0.862000
3886 0.872000
3887 1.009000
3888 1.059000
3889 0.941000
3890 0.916000
3891 1.016000
3892 0.985000
3893 0.946000
3894 0.956000
3895 1.007000
3896 1.023000
3897 1.037000
3898 0.999000
3899 0.975000
3900 1.061000
3901 1.050000
3902 0.923000
3903 0.969000
3904 1.062000
3905 1.053000
3906 0.923000
3907 0.882000
3908 1.064000
3909 0.925000
3910 0.878000
3911 0.927000
3912 1.022000
3913 0.992000
3914 0.833000
3915 0.997000
3916 1.037000
3917 1.044000
3918 0.952000
3919 0.968000
3920 1.016000
3921 1.037000
3922 0.869000
3923 0.973000
3924 1.006000
3925 1.036000
3926 0.891000
3927 0.985000
3928 1.045000
3929 1.049000
3930 0.906000
3931 0.998000
3932 1.020000
3933 1.037000
3934 0.934000
3935 0.994000
3936 0.988000
3937 1.048000
3938 1.018000
3939 1.016000
3940 1.041000
3941 1.084000
3942 0.997000
3943 0.945000
3944 1.049000
3945 1.048000
3946 0.967000
3947 1.023000
3948 1.064000
3949 1.070000
3950 1.049000
3951 1.000000
3952 1.001000
3953 1.019000
3954 0.943000
3955 0.922000
3956 0.997000
3957 1.008000
3958 0.825000
3959 0.844000
3960 0.957000
3961 1.022000
3962 0.892000
3963 0.881000
3964 0.912000
3965 1.017000
3966 0.893000
3967 0.991000
3968 0.995000
3969 0.998000
3970 0.909000
3971 0.926000
3972 1.045000
3973 1.044000
3974 0.862000
3975 0.916000
3976 0.991000
3977 1.006000
3978 0.929000
3979 1.001000
3980 0.946000
3981 0.957000
3982 0.853000
3983 0.950000
3984 0.863000
3985 0.875000
3986 0.941000
3987 0.990000
3988 1.017000
3989 1.042000
3990 1.006000
3991 0.985000
3992 1.019000
3993 1.046000
3994 0.953000
3995 0.962000
3996 1.005000
3997 0.995000
3998 0.878000
3999 0.883000
4000 1.018000
4001 0.994000
4002 0.916000
4003 0.922000
4004 1.065000
4005 0.986000
4006 0.945000
4007 0.952000
4008 0.950000
4009 1.015000
4010 0.940000
4011 0.868000
4012 0.866000
4013 1.002000
4014 0.939000
4015 0.950000
4016 0.963000
4017 1.061000
4018 1.070000
4019 0.949000
4020 0.955000
4021 1.021000
4022 0.979000
4023 0.903000
4024 0.999000
4025 1.007000
4026 0.983000
4027 0.939000
4028 0.860000
4029 0.917000
4030 0.942000
4031 0.943000
4032 1.039000
4033 1.043000
4034 1.035000
4035 0.956000
4036 1.025000
4037 1.059000
4038 1.005000
4039 0.963000
4040 0.964000
4041 1.059000
4042 1.017000
4043 0.980000
4044 1.037000
4045 1.047000
4046 0.993000
4047 0.966000
4048 1.012000
4049 1.060000
4050 0.998000
4051 0.943000
4052 0.933000
4053 1.019000
4054 0.952000
4055 0.998000
4056 0.971000
4057 1.039000
4058 0.968000
4059 0.913000
4060 0.895000
4061 1.017000
4062 0.992000
4063 0.866000
4064 0.931000
4065 0.962000
4066 0.962000
4067 0.891000
4068 0.937000
4069 1.040000
4070 0.988000
4071 0.923000
4072 0.935000
4073 0.963000
4074 0.969000
4075 0.950000
4076 0.968000
4077 0.979000
4078 0.900000
4079 0.910000
4080 0.967000
4081 1.015000
4082 0.961000
4083 0.953000
4084 0.988000
4085 0.971000
4086 1.017000
4087 0.987000
4088 0.940000
4089 1.001000
4090 1.016000
4091 0.967000
4092 0.981000
4093 1.016000
4094 1.035000
4095 0.946000
4096 0.857000
4097 1.017000
4098 1.042000
4099 0.962000
4100 0.938000
4101 1.017000
4102 1.002000
4103 0.928000
4104 0.901000
4105 0.990000
4106 0.958000
4107 0.886000
4108 0.937000
4109 0.958000
4110 1.000000
4111 1.022000
4112 0.893000
4113 0.950000
4114 0.953000
4115 0.961000
4116 0.933000
4117 0.949000
4118 1.017000
4119 1.037000
4120 0.885000
4121 0.858000
4122 1.059000
4123 1.024000
4124 0.894000
4125 0.972000
4126 0.996000
4127 1.005000
4128 0.930000
4129 0.977000
4130 1.020000
4131 0.995000
4132 0.963000
4133 0.960000
4134 1.062000
4135 1.020000
4136 0.917000
4137 1.004000
4138 1.015000
4139 0.962000
4140 0.976000
4141 0.954000
4142 1.039000
4143 1.006000
4144 0.941000
4145 0.998000
4146 0.992000
4147 1.003000
4148 0.994000
4149 0.974000
4150 1.020000
4151 1.002000
4152 0.911000
4153 0.994000
4154 1.018000
4155 0.997000
4156 0.896000
4157 0.931000
4158 1.024000
4159 1.024000
4160 0.946000
4161 0.933000
4162 0.923000
4163 0.938000
4164 0.876000
4165 0.970000
4166 1.038000
4167 0.990000
4168 0.832000
4169 0.918000
4170 1.044000
4171 1.015000
4172 0.899000
4173 0.967000
4174 0.998000
4175 0.980000
4176 0.903000
4177 0.965000
4178 0.997000
4179 0.964000
4180 0.892000
4181 0.847000
4182 0.869000
4183 0.893000
4184 0.889000
4185 0.787000
4186 0.968000
4187 0.946000
4188 0.912000
4189 0.924000
4190 1.020000
4191 1.021000
4192 0.894000
4193 0.862000
4194 1.018000
4195 1.015000
4196 0.885000
4197 1.015000
4198 1.074000
4199 1.118000
4200 0.973000
4201 0.941000
4202 1.072000
4203 1.002000
4204 0.892000
4205 0.937000
4206 0.958000
4207 0.991000
4208 1.017000
4209 0.897000
4210 0.883000
4211 0.913000
4212 0.964000
4213 0.897000
4214 0.946000
4215 1.039000
4216 1.005000
4217 0.852000
4218 0.973000
4219 1.004000
4220 1.007000
4221 0.931000
4222 0.994000
4223 0.994000
4224 0.964000
4225 0.908000
4226 0.980000
4227 1.017000
4228 0.998000
4229 0.888000
4230 0.972000
4231 0.982000
4232 1.020000
4233 0.990000
4234 0.938000
4235 1.075000
4236 1.044000
4237 0.971000
4238 1.012000
4239 1.074000
4240 1.076000
4241 1.001000
4242 0.983000
4243 0.996000
4244 1.008000
4245 0.968000
4246 1.018000
4247 1.065000
4248 1.088000
4249 1.016000
4250 1.029000
4251 0.960000
4252 1.067000
4253 1.007000
4254 1.027000
4255 1.043000
4256 1.044000
4257 0.988000
4258 0.947000
4259 1.018000
4260 0.985000
4261 0.897000
4262 0.971000
4263 1.023000
4264 1.011000
4265 0.946000
4266 0.879000
4267 0.945000
4268 0.957000
4269 0.935000
4270 0.927000
4271 0.961000
4272 0.990000
4273 0.901000
4274 0.971000
4275 1.015000
4276 0.972000
4277 0.924000
4278 0.875000
4279 0.927000
4280 0.902000
4281 0.879000
4282 0.837000
4283 0.982000
4284 0.958000
4285 0.966000
4286 0.974000
4287 0.980000
4288 0.889000
4289 0.862000
4290 0.859000
4291 0.991000
4292 1.059000
4293 0.913000
4294 0.872000
4295 0.998000
4296 0.975000
4297 0.820000
4298 0.834000
4299 0.967000
4300 1.038000
4301 0.986000
4302 0.915000
4303 0.984000
4304 1.044000
4305 0.927000
4306 0.928000
4307 1.000000
4308 1.050000
4309 0.983000
4310 0.900000
4311 0.975000
4312 1.039000
4313 0.957000
4314 0.898000
4315 0.901000
4316 0.982000
4317 0.982000
4318 0.951000
4319 0.959000
4320 1.064000
4321 0.902000
4322 0.949000
4323 1.054000
4324 1.038000
4325 0.863000
4326 0.989000
4327 1.038000
4328 0.994000
4329 0.904000
4330 0.857000
4331 0.941000
4332 0.992000
4333 1.036000
4334 0.985000
4335 1.039000
4336 0.994000
4337 0.902000
4338 0.902000
4339 0.973000
4340 1.020000
4341 1.052000
4342 0.853000
4343 0.965000
4344 1.029000
4345 0.986000
4346 0.898000
4347 0.969000
4348 1.035000
4349 0.986000
4350 0.904000
4351 0.929000
4352 0.991000
4353 1.039000
4354 0.941000
4355 1.043000
4356 0.984000
4357 0.942000
4358 0.986000
4359 1.040000
4360 0.991000
4361 0.982000
4362 0.899000
4363 1.038000
4364 1.030000
4365 0.989000
4366 0.900000
4367 0.953000
4368 1.020000
4369 0.891000
4370 0.934000
4371 0.968000
4372 1.016000
4373 0.973000
4374 0.938000
4375 1.053000
4376 0.972000
4377 0.962000
4378 0.905000
4379 0.923000
4380 0.936000
4381 1.033000
4382 0.953000
4383 1.044000
4384 1.026000
4385 0.982000
4386 0.861000
4387 0.955000
4388 0.948000
4389 0.991000
4390 0.866000
4391 0.908000
4392 0.976000
4393 1.053000
4394 0.995000
4395 1.039000
4396 1.076000
4397 1.035000
4398 0.968000
4399 1.035000
4400 1.032000
4401 0.902000
4402 0.955000
4403 1.034000
4404 0.859000
4405 0.900000
4406 0.912000
4407 0.899000
4408 0.966000
4409 0.947000
4410 0.900000
4411 0.865000
4412 0.954000
4413 0.955000
4414 0.867000
4415 0.942000
4416 0.968000
4417 0.965000
4418 0.864000
4419 0.922000
4420 0.971000
4421 0.964000
4422 0.967000
4423 0.975000
4424 1.069000
4425 1.003000
4426 0.934000
4427 0.934000
4428 1.003000
4429 1.010000
4430 0.944000
4431 0.986000
4432 1.071000
4433 1.010000
4434 0.912000
4435 0.988000
4436 1.006000
4437 0.994000
4438 0.948000
4439 0.916000
4440 1.007000
4441 0.999000
4442 0.906000
4443 0.965000
4444 0.976000
4445 0.987000
4446 0.977000
4447 0.931000
4448 0.978000
4449 0.964000
4450 0.929000
4451 0.976000
4452 0.988000
4453 0.984000
4454 0.935000
4455 0.945000
4456 1.029000
4457 0.979000
4458 0.909000
4459 0.976000
4460 1.003000
4461 0.986000
4462 0.940000
4463 0.936000
4464 0.996000
4465 0.945000
4466 0.950000
4467 0.955000
4468 1.053000
4469 0.999000
4470 0.915000
4471 0.956000
4472 1.005000
4473 1.016000
4474 0.961000
4475 1.014000
4476 1.034000
4477 1.033000
4478 0.962000
4479 1.001000
4480 1.032000
4481 1.036000
4482 0.905000
4483 0.945000
4484 1.006000
4485 1.004000
4486 0.965000
4487 0.966000
4488 0.966000
4489 1.013000
4490 0.850000
4491 0.971000
4492 0.979000
4493 0.981000
4494 0.935000
4495 0.962000
4496 0.991000
4497 0.990000
4498 0.912000
4499 0.958000
4500 0.982000
4501 0.986000
4502 0.901000
4503 0.953000
4504 0.987000
4505 0.993000
4506 0.902000
4507 0.995000
4508 0.996000
4509 1.040000
4510 0.941000
4511 0.908000
4512 0.998000
4513 1.039000
4514 0.863000
4515 0.909000
4516 1.053000
4517 1.026000
4518 0.856000
4519 0.969000
4520 1.033000
4521 1.030000
4522 0.901000
4523 1.037000
4524 1.032000
4525 1.032000
4526 0.905000
4527 0.963000
4528 0.949000
4529 0.947000
4530 0.868000
4531 0.967000
4532 0.913000
4533 0.947000
4534 0.877000
4535 0.968000
4536 1.001000
4537 1.011000
4538 0.881000
4539 0.891000
4540 0.990000
4541 0.989000
4542 0.931000
4543 0.972000
4544 1.004000
4545 1.001000
4546 0.887000
4547 0.979000
4548 0.986000
4549 0.986000
4550 0.941000
4551 0.971000
4552 1.002000
4553 1.005000
4554 0.905000
4555 0.944000
4556 1.006000
4557 0.989000
4558 0.882000
4559 0.945000
4560 0.990000
4561 0.975000
4562 0.894000
4563 0.959000
4564 1.040000
4565 1.027000
4566 0.930000
4567 0.921000
4568 1.016000
4569 0.935000
4570 0.899000
4571 0.928000
4572 0.977000
4573 0.969000
4574 0.947000
4575 0.935000
4576 1.043000
4577 0.941000
4578 0.931000
4579 0.980000
4580 0.982000
4581 1.060000
4582 0.959000
4583 0.912000
4584 0.966000
4585 0.977000
4586 0.925000
4587 0.933000
4588 0.962000
4589 0.986000
4590 0.954000
4591 0.946000
4592 1.026000
4593 1.009000
4594 0.893000
4595 0.950000
4596 1.031000
4597 1.015000
4598 0.919000
4599 0.987000
4600 1.038000
4601 0.959000
4602 0.945000
4603 0.940000
4604 0.999000
4605 1.022000
4606 0.967000
4607 0.959000
4608 1.010000
4609 1.024000
4610 0.913000
4611 0.972000
4612 1.014000
4613 1.005000
4614 0.975000
4615 0.971000
4616 1.020000
4617 1.014000
4618 0.895000
4619 0.905000
4620 1.005000
4621 1.026000
4622 0.980000
4623 0.975000
4624 0.986000
4625 0.953000
4626 0.899000
4627 0.962000
4628 1.011000
4629 0.950000
4630 0.935000
4631 0.878000
4632 1.013000
4633 1.009000
4634 0.987000
4635 0.974000
4636 0.968000
4637 1.019000
4638 1.007000
4639 0.995000
4640 1.038000
4641 1.034000
4642 0.913000
4643 0.912000
4644 0.968000
4645 1.032000
4646 0.901000
4647 1.002000
4648 1.048000
4649 1.035000
4650 0.979000
4651 1.053000
4652 1.060000
4653 1.039000
4654 0.954000
4655 0.980000
4656 1.048000
4657 0.997000
4658 0.933000
4659 0.975000
4660 0.968000
4661 0.984000
4662 0.891000
4663 0.853000
4664 1.073000
4665 1.013000
4666 0.921000
4667 0.967000
4668 1.023000
4669 1.019000
4670 0.921000
4671 0.964000
4672 1.024000
4673 1.010000
4674 0.935000
4675 0.920000
4676 1.017000
4677 1.033000
4678 0.977000
4679 0.969000
4680 1.022000
4681 1.009000
4682 0.924000
4683 0.897000
4684 1.020000
4685 1.023000
4686 0.925000
4687 0.968000
4688 0.977000
4689 1.005000
4690 0.906000
4691 0.911000
4692 1.052000
4693 1.040000
4694 0.940000
4695 0.985000
4696 1.051000
4697 1.030000
4698 0.914000
4699 0.975000
4700 1.024000
4701 1.035000
4702 0.946000
4703 0.954000
4704 1.103000
4705 1.036000
4706 0.978000
4707 1.039000
4708 1.072000
4709 1.058000
4710 0.937000
4711 0.991000
4712 1.017000
4713 1.012000
4714 0.907000
4715 0.937000
4716 0.996000
4717 1.011000
4718 0.932000
4719 0.950000
4720 1.037000
4721 1.011000
4722 0.923000
4723 0.949000
4724 1.033000
4725 0.998000
4726 0.957000
4727 0.902000
4728 1.051000
4729 1.013000
4730 0.927000
4731 0.976000
4732 0.973000
4733 0.989000
4734 0.924000
4735 0.975000
4736 1.070000
4737 1.018000
4738 0.943000
4739 1.019000
4740 1.048000
4741 1.077000
4742 0.935000
4743 0.976000
4744 1.031000
4745 0.994000
4746 0.926000
4747 0.994000
4748 1.031000
4749 1.047000
4750 0.929000
4751 0.986000
4752 1.045000
4753 1.071000
4754 0.915000
4755 0.960000
4756 1.024000
4757 1.004000
4758 0.951000
4759 1.030000
4760 1.042000
4761 1.064000
4762 0.920000
4763 1.014000
4764 1.049000
4765 1.013000
4766 1.011000
4767 1.004000
4768 1.009000
4769 1.038000
4770 0.994000
4771 1.011000
4772 1.010000
4773 1.035000
4774 0.936000
4775 0.914000
4776 1.026000
4777 0.958000
4778 0.914000
4779 0.929000
4780 1.018000
4781 1.008000
4782 0.949000
4783 0.867000
4784 1.005000
4785 1.011000
4786 0.901000
4787 0.889000
4788 1.007000
4789 0.991000
4790 0.893000
4791 0.934000
4792 1.028000
4793 0.950000
4794 0.947000
4795 0.990000
4796 1.058000
4797 1.003000
4798 0.965000
4799 0.985000
4800 1.041000
4801 1.011000
4802 0.938000
4803 0.949000
4804 1.017000
4805 0.982000
4806 0.879000
4807 0.869000
4808 0.981000
4809 0.995000
4810 0.971000
4811 0.948000
4812 1.070000
4813 1.047000
4814 0.918000
4815 0.890000
4816 0.985000
4817 0.948000
4818 0.943000
4819 1.006000
4820 1.045000
4821 1.025000
4822 0.930000
4823 0.920000
4824 0.976000
4825 0.990000
4826 0.926000
4827 0.979000
4828 1.022000
4829 1.037000
4830 0.879000
4831 0.945000
4832 1.044000
4833 1.011000
4834 0.928000
4835 0.984000
4836 1.004000
4837 1.011000
4838 0.924000
4839 0.948000
4840 1.031000
4841 1.006000
4842 0.953000
4843 0.950000
4844 0.976000
4845 1.008000
4846 0.963000
4847 0.950000
4848 1.058000
4849 1.033000
4850 0.986000
4851 0.988000
4852 1.046000
4853 1.033000
4854 0.954000
4855 0.952000
4856 1.046000
4857 1.010000
4858 0.928000
4859 0.957000
4860 1.026000
4861 1.038000
4862 0.915000
4863 1.029000
4864 1.031000
4865 1.010000
4866 0.918000
4867 0.982000
4868 1.022000
4869 1.011000
4870 0.879000
4871 0.910000
4872 1.044000
4873 1.011000
4874 0.899000
4875 0.938000
4876 1.014000
4877 0.995000
4878 0.906000
4879 0.939000
4880 0.940000
4881 1.011000
4882 0.958000
4883 0.957000
4884 1.011000
4885 1.013000
4886 0.926000
4887 0.960000
4888 1.012000
4889 1.011000
4890 0.886000
4891 0.977000
4892 1.057000
4893 1.010000
4894 0.928000
4895 0.960000
4896 1.014000
4897 0.944000
4898 0.892000
4899 0.895000
4900 0.979000
4901 0.989000
4902 0.920000
4903 0.959000
4904 1.051000
4905 1.010000
4906 0.971000
4907 0.973000
4908 1.001000
4909 1.037000
4910 0.939000
4911 0.970000
4912 1.071000
4913 1.010000
4914 0.969000
4915 0.973000
4916 1.047000
4917 1.036000
4918 0.939000
4919 0.872000
4920 1.010000
4921 0.941000
4922 0.879000
4923 0.962000
4924 0.996000
4925 0.983000
4926 0.856000
4927 0.969000
4928 1.021000
4929 1.011000
4930 0.895000
4931 0.961000
4932 1.045000
4933 1.033000
4934 0.849000
4935 0.967000
4936 1.026000
4937 1.027000
4938 0.982000
4939 0.985000
4940 1.026000
4941 1.038000
4942 0.928000
4943 0.971000
4944 1.071000
4945 1.053000
4946 0.885000
4947 0.969000
4948 1.045000
4949 1.036000
4950 0.922000
4951 0.954000
4952 1.007000
4953 1.012000
4954 0.951000
4955 0.950000
4956 0.984000
4957 1.000000
4958 0.919000
4959 0.938000
4960 1.022000
4961 0.991000
4962 0.936000
4963 0.982000
4964 1.040000
4965 1.057000
4966 0.940000
4967 0.989000
4968 1.071000
4969 1.052000
4970 0.931000
4971 0.981000
4972 1.023000
4973 1.022000
4974 0.881000
4975 0.976000
4976 1.027000
4977 1.015000
4978 0.933000
4979 0.970000
4980 1.013000
4981 1.020000
4982 0.868000
4983 0.895000
4984 1.026000
4985 0.961000
4986 0.895000
4987 0.895000
4988 0.984000
4989 0.999000
4990 0.873000
4991 0.994000
4992 0.968000
4993 1.060000
4994 0.972000
4995 0.997000
4996 1.046000
4997 1.036000
4998 0.898000
4999 0.978000
5000 1.029000
