1 0.587000
2 0.586000
3 0.579000
4 0.625000
5 0.626000
6 0.587000
7 0.580000
8 0.598000
9 0.620000
10 0.622000
11 0.579000
12 0.583000
13 0.628000
14 0.625000
15 0.577000
16 0.625000
17 0.632000
18 0.626000
19 0.572000
20 0.654000
21 0.627000
22 0.585000
23 0.597000
24 0.586000
25 0.626000
26 0.585000
27 0.578000
28 0.588000
29 0.580000
30 0.587000
31 0.604000
32 0.593000
33 0.617000
34 0.547000
35 0.598000
36 0.588000
37 0.625000
38 0.586000
39 0.600000
40 0.593000
41 0.619000
42 0.544000
43 0.576000
44 0.589000
45 0.618000
46 0.582000
47 0.598000
48 0.599000
49 0.581000
50 0.583000
51 0.578000
52 0.600000
53 0.618000
54 0.579000
55 0.528000
56 0.623000
57 0.586000
58 0.585000
59 0.577000
60 0.627000
61 0.625000
62 0.625000
63 0.607000
64 0.597000
65 0.654000
66 0.620000
67 0.591000
68 0.578000
69 0.620000
70 0.583000
71 0.578000
72 0.584000
73 0.620000
74 0.623000
75 0.603000
76 0.626000
77 0.624000
78 0.590000
79 0.574000
80 0.623000
81 0.586000
82 0.623000
83 0.602000
84 0.585000
85 0.625000
86 0.591000
87 0.599000
88 0.587000
89 0.625000
90 0.617000
91 0.634000
92 0.582000
93 0.621000
94 0.586000
95 0.596000
96 0.588000
97 0.623000
98 0.584000
99 0.575000
100 0.583000
101 0.624000
102 0.592000
103 0.592000
104 0.594000
105 0.626000
106 0.623000
107 0.596000
108 0.585000
109 0.622000
110 0.620000
111 0.574000
112 0.581000
113 0.620000
114 0.590000
115 0.626000
116 0.586000
117 0.592000
118 0.590000
119 0.593000
120 0.592000
121 0.654000
122 0.619000
123 0.655000
124 0.582000
125 0.621000
126 0.622000
127 0.576000
128 0.582000
129 0.624000
130 0.623000
131 0.575000
132 0.581000
133 0.621000
134 0.583000
135 0.594000
136 0.583000
137 0.623000
138 0.590000
139 0.577000
140 0.595000
141 0.624000
142 0.620000
143 0.592000
144 0.581000
145 0.631000
146 0.592000
147 0.575000
148 0.587000
149 0.633000
150 0.624000
151 0.576000
152 0.586000
153 0.625000
154 0.584000
155 0.578000
156 0.625000
157 0.626000
158 0.585000
159 0.580000
160 0.623000
161 0.626000
162 0.586000
163 0.583000
164 0.594000
165 0.622000
166 0.590000
167 0.577000
168 0.588000
169 0.627000
170 0.626000
171 0.581000
172 0.584000
173 0.587000
174 0.585000
175 0.580000
176 0.585000
177 0.626000
178 0.625000
179 0.579000
180 0.594000
181 0.626000
182 0.594000
183 0.585000
184 0.582000
185 0.545000
186 0.584000
187 0.579000
188 0.586000
189 0.625000
190 0.626000
191 0.571000
192 0.582000
193 0.623000
194 0.623000
195 0.604000
196 0.592000
197 0.626000
198 0.550000
199 0.546000
200 0.588000
201 0.587000
202 0.587000
203 0.576000
204 0.533000
205 0.536000
206 0.592000
207 0.595000
208 0.626000
209 0.588000
210 0.588000
211 0.577000
212 0.592000
213 0.625000
214 0.594000
215 0.579000
216 0.588000
217 0.627000
218 0.585000
219 0.576000
220 0.582000
221 0.622000
222 0.578000
223 0.573000
224 0.583000
225 0.625000
226 0.587000
227 0.579000
228 0.586000
229 0.626000
230 0.624000
231 0.598000
232 0.593000
233 0.624000
234 0.561000
235 0.564000
236 0.625000
237 0.624000
238 0.559000
239 0.595000
240 0.619000
241 0.624000
242 0.566000
243 0.541000
244 0.548000
245 0.589000
246 0.578000
247 0.611000
248 0.596000
249 0.587000
250 0.588000
251 0.574000
252 0.584000
253 0.619000
254 0.587000
255 0.578000
256 0.587000
257 0.618000
258 0.583000
259 0.575000
260 0.586000
261 0.591000
262 0.588000
263 0.582000
264 0.593000
265 0.626000
266 0.625000
267 0.581000
268 0.586000
269 0.625000
270 0.624000
271 0.579000
272 0.593000
273 0.626000
274 0.552000
275 0.580000
276 0.594000
277 0.634000
278 0.625000
279 0.576000
280 0.555000
281 0.626000
282 0.627000
283 0.599000
284 0.582000
285 0.596000
286 0.585000
287 0.582000
288 0.580000
289 0.621000
290 0.623000
291 0.578000
292 0.585000
293 0.627000
294 0.585000
295 0.581000
296 0.626000
297 0.591000
298 0.588000
299 0.569000
300 0.588000
301 0.587000
302 0.587000
303 0.580000
304 0.541000
305 0.515000
306 0.625000
307 0.600000
308 0.587000
309 0.625000
310 0.591000
311 0.593000
312 0.586000
313 0.627000
314 0.625000
315 0.654000
316 0.584000
317 0.625000
318 0.592000
319 0.574000
320 0.584000
321 0.587000
322 0.588000
323 0.591000
324 0.581000
325 0.624000
326 0.585000
327 0.593000
328 0.595000
329 0.596000
330 0.624000
331 0.577000
332 0.589000
333 0.627000
334 0.593000
335 0.578000
336 0.627000
337 0.626000
338 0.595000
339 0.579000
340 0.587000
341 0.627000
342 0.592000
343 0.580000
344 0.627000
345 0.586000
346 0.592000
347 0.580000
348 0.628000
349 0.629000
350 0.627000
351 0.578000
352 0.552000
353 0.626000
354 0.619000
355 0.607000
356 0.626000
357 0.625000
358 0.592000
359 0.579000
360 0.587000
361 0.578000
362 0.592000
363 0.581000
364 0.560000
365 0.558000
366 0.590000
367 0.578000
368 0.591000
369 0.591000
370 0.626000
371 0.582000
372 0.583000
373 0.627000
374 0.586000
375 0.609000
376 0.591000
377 0.592000
378 0.594000
379 0.544000
380 0.596000
381 0.620000
382 0.586000
383 0.601000
384 0.587000
385 0.621000
386 0.621000
387 0.580000
388 0.626000
389 0.619000
390 0.581000
391 0.538000
392 0.592000
393 0.626000
394 0.625000
395 0.597000
396 0.626000
397 0.628000
398 0.624000
399 0.572000
400 0.587000
401 0.589000
402 0.552000
403 0.582000
404 0.595000
405 0.587000
406 0.624000
407 0.583000
408 0.593000
409 0.627000
410 0.626000
411 0.583000
412 0.591000
413 0.627000
414 0.624000
415 0.580000
416 0.586000
417 0.624000
418 0.589000
419 0.599000
420 0.580000
421 0.620000
422 0.583000
423 0.602000
424 0.593000
425 0.624000
426 0.586000
427 0.581000
428 0.625000
429 0.626000
430 0.586000
431 0.537000
432 0.586000
433 0.626000
434 0.592000
435 0.578000
436 0.585000
437 0.625000
438 0.625000
439 0.581000
440 0.588000
441 0.626000
442 0.588000
443 0.582000
444 0.596000
445 0.627000
446 0.592000
447 0.593000
448 0.593000
449 0.625000
450 0.586000
451 0.570000
452 0.580000
453 0.580000
454 0.586000
455 0.570000
456 0.547000
457 0.545000
458 0.553000
459 0.577000
460 0.555000
461 0.554000
462 0.560000
463 0.607000
464 0.593000
465 0.626000
466 0.624000
467 0.577000
468 0.586000
469 0.627000
470 0.550000
471 0.586000
472 0.627000
473 0.625000
474 0.623000
475 0.577000
476 0.627000
477 0.627000
478 0.585000
479 0.579000
480 0.622000
481 0.624000
482 0.581000
483 0.573000
484 0.581000
485 0.584000
486 0.617000
487 0.577000
488 0.582000
489 0.623000
490 0.622000
491 0.578000
492 0.585000
493 0.626000
494 0.586000
495 0.578000
496 0.585000
497 0.626000
498 0.623000
499 0.581000
500 0.585000
501 0.536000
502 0.510000
503 0.598000
504 0.583000
505 0.624000
506 0.622000
507 0.616000
508 0.585000
509 0.623000
510 0.596000
511 0.597000
512 0.580000
513 0.623000
514 0.595000
515 0.575000
516 0.582000
517 0.577000
518 0.619000
519 0.575000
520 0.589000
521 0.585000
522 0.588000
523 0.574000
524 0.583000
525 0.581000
526 0.622000
527 0.580000
528 0.589000
529 0.624000
530 0.590000
531 0.589000
532 0.592000
533 0.625000
534 0.583000
535 0.600000
536 0.592000
537 0.589000
538 0.577000
539 0.578000
540 0.581000
541 0.622000
542 0.592000
543 0.577000
544 0.580000
545 0.628000
546 0.580000
547 0.580000
548 0.586000
549 0.631000
550 0.593000
551 0.577000
552 0.583000
553 0.624000
554 0.583000
555 0.574000
556 0.587000
557 0.584000
558 0.583000
559 0.534000
560 0.538000
561 0.540000
562 0.584000
563 0.585000
564 0.582000
565 0.625000
566 0.622000
567 0.609000
568 0.584000
569 0.590000
570 0.584000
571 0.571000
572 0.623000
573 0.621000
574 0.583000
575 0.577000
576 0.591000
577 0.624000
578 0.619000
579 0.575000
580 0.594000
581 0.626000
582 0.587000
583 0.570000
584 0.581000
585 0.581000
586 0.585000
587 0.570000
588 0.580000
589 0.621000
590 0.588000
591 0.576000
592 0.621000
593 0.622000
594 0.584000
595 0.588000
596 0.585000
597 0.624000
598 0.585000
599 0.593000
600 0.589000
601 0.589000
602 0.586000
603 0.574000
604 0.584000
605 0.625000
606 0.583000
607 0.578000
608 0.628000
609 0.623000
610 0.585000
611 0.587000
612 0.624000
613 0.626000
614 0.577000
615 0.572000
616 0.586000
617 0.626000
618 0.587000
619 0.579000
620 0.578000
621 0.624000
622 0.592000
623 0.576000
624 0.587000
625 0.627000
626 0.586000
627 0.587000
628 0.556000
629 0.624000
630 0.561000
631 0.577000
632 0.585000
633 0.625000
634 0.585000
635 0.580000
636 0.586000
637 0.626000
638 0.586000
639 0.575000
640 0.623000
641 0.625000
642 0.596000
643 0.617000
644 0.587000
645 0.556000
646 0.625000
647 0.620000
648 0.587000
649 0.618000
650 0.590000
651 0.584000
652 0.585000
653 0.578000
654 0.581000
655 0.588000
656 0.626000
657 0.625000
658 0.586000
659 0.585000
660 0.585000
661 0.623000
662 0.587000
663 0.590000
664 0.586000
665 0.587000
666 0.586000
667 0.570000
668 0.586000
669 0.624000
670 0.585000
671 0.589000
672 0.627000
673 0.624000
674 0.625000
675 0.584000
676 0.587000
677 0.594000
678 0.624000
679 0.543000
680 0.618000
681 0.589000
682 0.553000
683 0.580000
684 0.580000
685 0.624000
686 0.461000
687 0.575000
688 0.617000
689 0.577000
690 0.557000
691 0.541000
692 0.547000
693 0.625000
694 0.586000
695 0.543000
696 0.625000
697 0.626000
698 0.585000
699 0.581000
700 0.566000
701 0.589000
702 0.588000
703 0.605000
704 0.587000
705 0.626000
706 0.585000
707 0.576000
708 0.594000
709 0.588000
710 0.559000
711 0.541000
712 0.594000
713 0.586000
714 0.555000
715 0.573000
716 0.592000
717 0.586000
718 0.553000
719 0.542000
720 0.590000
721 0.586000
722 0.553000
723 0.585000
724 0.587000
725 0.586000
726 0.559000
727 0.540000
728 0.595000
729 0.587000
730 0.557000
731 0.526000
732 0.586000
733 0.585000
734 0.625000
735 0.589000
736 0.626000
737 0.625000
738 0.586000
739 0.585000
740 0.626000
741 0.625000
742 0.587000
743 0.586000
744 0.625000
745 0.626000
746 0.585000
747 0.585000
748 0.586000
749 0.626000
750 0.547000
751 0.679000
752 0.586000
753 0.559000
754 0.579000
755 0.580000
756 0.585000
757 0.558000
758 0.625000
759 0.573000
760 0.550000
761 0.555000
762 0.624000
763 0.583000
764 0.586000
765 0.626000
766 0.564000
767 0.540000
768 0.625000
769 0.629000
770 0.585000
771 0.612000
772 0.586000
773 0.627000
774 0.594000
775 0.551000
776 0.554000
777 0.586000
778 0.562000
779 0.613000
780 0.590000
781 0.618000
782 0.590000
783 0.582000
784 0.622000
785 0.579000
786 0.580000
787 0.580000
788 0.585000
789 0.627000
790 0.542000
791 0.541000
792 0.596000
793 0.627000
794 0.589000
795 0.584000
796 0.589000
797 0.623000
798 0.585000
799 0.587000
800 0.589000
801 0.587000
802 0.561000
803 0.586000
804 0.586000
805 0.564000
806 0.543000
807 0.539000
808 0.627000
809 0.626000
810 0.625000
811 0.582000
812 0.547000
813 0.629000
814 0.623000
815 0.520000
816 0.550000
817 0.623000
818 0.625000
819 0.612000
820 0.620000
821 0.622000
822 0.561000
823 0.614000
824 0.545000
825 0.540000
826 0.557000
827 0.538000
828 0.586000
829 0.561000
830 0.621000
831 0.615000
832 0.624000
833 0.627000
834 0.589000
835 0.582000
836 0.626000
837 0.627000
838 0.625000
839 0.638000
840 0.594000
841 0.651000
842 0.585000
843 0.585000
844 0.631000
845 0.629000
846 0.587000
847 0.579000
848 0.592000
849 0.622000
850 0.585000
851 0.611000
852 0.561000
853 0.565000
854 0.624000
855 0.610000
856 0.559000
857 0.563000
858 0.625000
859 0.612000
860 0.629000
861 0.586000
862 0.624000
863 0.581000
864 0.628000
865 0.627000
866 0.586000
867 0.582000
868 0.627000
869 0.627000
870 0.624000
871 0.593000
872 0.584000
873 0.629000
874 0.585000
875 0.581000
876 0.625000
877 0.623000
878 0.578000
879 0.576000
880 0.622000
881 0.626000
882 0.618000
883 0.603000
884 0.584000
885 0.622000
886 0.626000
887 0.586000
888 0.586000
889 0.625000
890 0.625000
891 0.579000
892 0.537000
893 0.545000
894 0.586000
895 0.608000
896 0.556000
897 0.556000
898 0.585000
899 0.588000
900 0.587000
901 0.589000
902 0.560000
903 0.587000
904 0.604000
905 0.630000
906 0.576000
907 0.583000
908 0.582000
909 0.582000
910 0.559000
911 0.531000
912 0.622000
913 0.616000
914 0.585000
915 0.581000
916 0.583000
917 0.623000
918 0.514000
919 0.522000
920 0.548000
921 0.583000
922 0.583000
923 0.583000
924 0.586000
925 0.627000
926 0.584000
927 0.612000
928 0.625000
929 0.585000
930 0.586000
931 0.587000
932 0.587000
933 0.628000
934 0.585000
935 0.576000
936 0.626000
937 0.627000
938 0.583000
939 0.588000
940 0.585000
941 0.630000
942 0.587000
943 0.607000
944 0.624000
945 0.589000
946 0.581000
947 0.583000
948 0.623000
949 0.621000
950 0.562000
951 0.582000
952 0.622000
953 0.622000
954 0.584000
955 0.601000
956 0.587000
957 0.627000
958 0.585000
959 0.604000
960 0.625000
961 0.627000
962 0.586000
963 0.599000
964 0.582000
965 0.625000
966 0.624000
967 0.608000
968 0.584000
969 0.624000
970 0.583000
971 0.580000
972 0.590000
973 0.621000
974 0.564000
975 0.584000
976 0.599000
977 0.583000
978 0.621000
979 0.591000
980 0.579000
981 0.581000
982 0.577000
983 0.603000
984 0.619000
985 0.579000
986 0.620000
987 0.595000
988 0.583000
989 0.588000
990 0.584000
991 0.609000
992 0.624000
993 0.625000
994 0.624000
995 0.533000
996 0.534000
997 0.599000
998 0.599000
999 0.588000
1000 0.519000
1001 0.425000
1002 0.536000
1003 0.513000
1004 0.568000
1005 0.610000
1006 0.570000
1007 0.597000
1008 0.613000
1009 0.614000
1010 0.572000
1011 0.574000
1012 0.578000
1013 0.620000
1014 0.580000
1015 0.577000
1016 0.619000
1017 0.616000
1018 0.619000
1019 0.579000
1020 0.578000
1021 0.621000
1022 0.620000
1023 0.593000
1024 0.624000
1025 0.623000
1026 0.620000
1027 0.596000
1028 0.621000
1029 0.624000
1030 0.585000
1031 0.539000
1032 0.616000
1033 0.611000
1034 0.546000
1035 0.580000
1036 0.557000
1037 0.586000
1038 0.516000
1039 0.526000
1040 0.625000
1041 0.620000
1042 0.552000
1043 0.580000
1044 0.582000
1045 0.616000
1046 0.517000
1047 0.525000
1048 0.619000
1049 0.576000
1050 0.558000
1051 0.525000
1052 0.558000
1053 0.790000
1054 0.551000
1055 0.575000
1056 3.680000
1057 2.685000
1058 1.689000
1059 0.881000
1060 0.470000
1061 0.664000
1062 1.145000
1063 1.149000
1064 0.829000
1065 0.832000
1066 0.793000
1067 1.543000
1068 0.785000
1069 0.960000
1070 0.711000
1071 0.717000
1072 0.712000
1073 0.751000
1074 0.710000
1075 0.961000
1076 1.152000
1077 1.151000
1078 0.655000
1079 0.643000
1080 1.328000
1081 1.059000
1082 0.582000
1083 1.154000
1084 1.146000
1085 0.678000
1086 0.872000
1087 1.338000
1088 0.834000
1089 0.838000
1090 1.322000
1091 1.308000
1092 1.300000
1093 1.019000
1094 1.017000
1095 1.005000
1096 1.198000
1097 1.165000
1098 0.939000
1099 0.931000
1100 1.130000
1101 1.100000
1102 0.858000
1103 1.069000
1104 0.819000
1105 0.422000
1106 0.415000
1107 0.680000
1108 0.458000
1109 0.559000
1110 0.430000
1111 0.462000
1112 0.461000
1113 0.552000
1114 0.525000
1115 0.452000
1116 0.456000
1117 0.535000
1118 0.460000
1119 0.507000
1120 0.558000
1121 0.502000
1122 0.500000
1123 0.508000
1124 0.538000
1125 0.462000
1126 0.463000
1127 0.542000
1128 0.508000
1129 0.501000
1130 0.563000
1131 0.507000
1132 0.560000
1133 0.460000
1134 0.470000
1135 0.509000
1136 0.502000
1137 0.537000
1138 0.504000
1139 0.541000
1140 0.501000
1141 0.460000
1142 0.462000
1143 0.506000
1144 0.551000
1145 0.502000
1146 0.561000
1147 0.461000
1148 0.502000
1149 0.462000
1150 0.452000
1151 0.517000
1152 0.496000
1153 0.496000
1154 0.502000
1155 0.506000
1156 1.559000
1157 2.173000
1158 1.176000
1159 1.161000
1160 0.689000
1161 0.931000
1162 0.881000
1163 1.104000
1164 1.072000
1165 0.807000
1166 1.305000
1167 0.799000
1168 1.002000
1169 1.212000
1170 0.958000
1171 0.961000
1172 1.150000
1173 1.436000
1174 1.127000
1175 1.100000
1176 1.087000
1177 1.314000
1178 1.082000
1179 1.287000
1180 1.228000
1181 1.712000
1182 1.707000
1183 1.184000
1184 1.439000
1185 0.674000
1186 0.439000
1187 0.422000
1188 0.441000
1189 0.444000
1190 0.460000
1191 0.507000
1192 0.502000
1193 0.554000
1194 0.509000
1195 0.538000
1196 0.540000
1197 0.588000
1198 0.519000
1199 0.505000
1200 0.560000
1201 0.528000
1202 0.559000
1203 0.508000
1204 0.507000
1205 0.539000
1206 0.510000
1207 0.584000
1208 0.544000
1209 0.595000
1210 0.501000
1211 0.531000
1212 0.552000
1213 0.498000
1214 0.629000
1215 0.522000
1216 0.536000
1217 0.554000
1218 0.539000
1219 0.517000
1220 0.549000
1221 0.505000
1222 0.557000
1223 0.628000
1224 0.550000
1225 0.546000
1226 0.557000
1227 0.529000
1228 0.547000
1229 0.628000
1230 0.567000
1231 0.530000
1232 0.545000
1233 0.549000
1234 0.549000
1235 0.522000
1236 0.589000
1237 0.546000
1238 0.542000
1239 0.530000
1240 0.540000
1241 0.540000
1242 0.543000
1243 0.504000
1244 0.558000
1245 0.501000
1246 0.591000
1247 0.524000
1248 0.668000
1249 0.534000
1250 0.623000
1251 0.526000
1252 0.531000
1253 0.542000
1254 0.535000
1255 0.540000
1256 3.546000
1257 2.547000
1258 1.574000
1259 1.039000
1260 1.547000
1261 1.028000
1262 1.751000
1263 1.710000
1264 1.705000
1265 1.686000
1266 1.683000
1267 1.895000
1268 2.337000
1269 2.327000
1270 1.838000
1271 2.302000
1272 2.029000
1273 2.223000
1274 2.198000
1275 2.165000
1276 2.440000
1277 2.681000
1278 2.405000
1279 2.371000
1280 2.831000
1281 2.339000
1282 1.336000
1283 0.534000
1284 0.435000
1285 0.433000
1286 0.423000
1287 0.438000
1288 0.558000
1289 0.526000
1290 0.538000
1291 0.580000
1292 0.554000
1293 0.501000
1294 0.563000
1295 0.648000
1296 0.566000
1297 0.671000
1298 0.545000
1299 0.528000
1300 0.589000
1301 0.547000
1302 0.558000
1303 0.506000
1304 0.548000
1305 0.586000
1306 0.544000
1307 0.529000
1308 0.544000
1309 0.560000
1310 0.502000
1311 0.644000
1312 0.534000
1313 0.550000
1314 0.555000
1315 0.527000
1316 0.565000
1317 0.526000
1318 0.540000
1319 0.553000
1320 0.500000
1321 0.567000
1322 0.544000
1323 0.525000
1324 0.552000
1325 0.501000
1326 0.589000
1327 0.526000
1328 0.545000
1329 0.544000
1330 0.545000
1331 0.527000
1332 0.549000
1333 0.626000
1334 0.546000
1335 0.526000
1336 0.584000
1337 0.499000
1338 0.625000
1339 0.528000
1340 0.541000
1341 0.559000
1342 0.509000
1343 0.588000
1344 0.539000
1345 0.541000
1346 0.563000
1347 0.526000
1348 0.547000
1349 0.497000
1350 0.525000
1351 0.551000
1352 0.544000
1353 0.543000
1354 0.551000
1355 0.529000
1356 3.148000
1357 4.568000
1358 3.571000
1359 3.312000
1360 3.311000
1361 3.028000
1362 2.786000
1363 3.228000
1364 3.199000
1365 3.445000
1366 3.169000
1367 3.418000
1368 3.671000
1369 3.343000
1370 2.347000
1371 1.412000
1372 0.625000
1373 3.877000
1374 3.339000
1375 3.310000
1376 2.313000
1377 1.317000
1378 2.980000
1379 1.978000
1380 0.983000
1381 2.444000
1382 1.448000
1383 2.152000
1384 1.158000
1385 0.646000
1386 0.531000
1387 0.421000
1388 0.434000
1389 0.436000
1390 0.439000
1391 0.439000
1392 0.501000
1393 0.555000
1394 0.562000
1395 0.540000
1396 0.627000
1397 0.558000
1398 0.561000
1399 0.591000
1400 0.567000
1401 0.563000
1402 0.563000
1403 0.540000
1404 0.561000
1405 0.562000
1406 0.627000
1407 0.536000
1408 0.559000
1409 0.625000
1410 0.621000
1411 0.527000
1412 0.524000
1413 0.499000
1414 0.544000
1415 0.522000
1416 0.543000
1417 0.630000
1418 0.624000
1419 0.580000
1420 0.669000
1421 0.500000
1422 0.561000
1423 0.543000
1424 0.586000
1425 0.543000
1426 0.544000
1427 0.527000
1428 0.543000
1429 0.624000
1430 0.582000
1431 0.507000
1432 0.561000
1433 0.543000
1434 0.542000
1435 0.520000
1436 0.560000
1437 0.502000
1438 0.564000
1439 0.532000
1440 0.585000
1441 0.543000
1442 0.543000
1443 0.541000
1444 0.545000
1445 0.543000
1446 0.503000
1447 0.593000
1448 0.542000
1449 0.537000
1450 0.555000
1451 0.527000
1452 0.548000
1453 0.502000
1454 0.530000
1455 0.527000
1456 6.044000
1457 5.048000
1458 4.049000
1459 3.544000
1460 3.506000
1461 3.502000
1462 3.958000
1463 4.158000
1464 4.669000
1465 4.651000
1466 4.146000
1467 4.096000
1468 4.080000
1469 4.059000
1470 4.795000
1471 4.776000
1472 4.236000
1473 4.714000
1474 4.712000
1475 5.163000
1476 4.918000
1477 5.359000
1478 5.392000
1479 4.398000
1480 3.400000
1481 2.403000
1482 1.404000
1483 0.837000
1484 0.631000
1485 0.454000
1486 0.454000
1487 0.397000
1488 0.546000
1489 0.587000
1490 0.438000
1491 0.503000
1492 0.564000
1493 0.562000
1494 0.562000
1495 0.541000
1496 0.570000
1497 0.568000
1498 0.565000
1499 0.601000
1500 0.563000
1501 0.578000
1502 0.587000
1503 0.521000
1504 0.562000
1505 0.569000
1506 0.625000
1507 0.535000
1508 0.532000
1509 0.459000
1510 0.498000
1511 0.525000
1512 0.495000
1513 0.581000
1514 0.584000
1515 0.538000
1516 0.562000
1517 0.587000
1518 0.586000
1519 0.540000
1520 0.553000
1521 0.537000
1522 0.537000
1523 0.521000
1524 0.543000
1525 0.536000
1526 0.461000
1527 0.538000
1528 0.509000
1529 0.562000
1530 0.547000
1531 0.585000
1532 0.536000
1533 0.531000
1534 0.466000
1535 0.524000
1536 0.537000
1537 0.484000
1538 0.514000
1539 0.490000
1540 0.533000
1541 0.504000
1542 0.482000
1543 0.493000
1544 0.462000
1545 0.592000
1546 0.533000
1547 0.451000
1548 0.562000
1549 0.515000
1550 0.458000
1551 0.503000
1552 0.512000
1553 0.523000
1554 0.450000
1555 0.588000
1556 7.745000
1557 6.758000
1558 5.770000
1559 5.004000
1560 5.235000
1561 4.991000
1562 5.731000
1563 5.465000
1564 5.694000
1565 5.449000
1566 5.641000
1567 5.897000
1568 5.654000
1569 5.865000
1570 5.582000
1571 5.863000
1572 6.334000
1573 5.847000
1574 6.073000
1575 6.057000
1576 6.572000
1577 6.293000
1578 5.828000
1579 4.842000
1580 3.881000
1581 2.894000
1582 1.905000
1583 0.919000
1584 0.641000
1585 0.412000
1586 0.402000
1587 0.437000
1588 0.444000
1589 0.436000
1590 0.507000
1591 0.403000
1592 0.514000
1593 0.488000
1594 0.496000
1595 0.549000
1596 0.520000
1597 0.578000
1598 0.526000
1599 0.524000
1600 0.566000
1601 0.519000
1602 0.507000
1603 0.519000
1604 0.527000
1605 0.599000
1606 0.488000
1607 0.438000
1608 0.534000
1609 0.516000
1610 0.526000
1611 0.569000
1612 0.467000
1613 0.572000
1614 0.554000
1615 0.472000
1616 0.501000
1617 0.488000
1618 0.467000
1619 0.512000
1620 0.502000
1621 0.508000
1622 0.518000
1623 0.557000
1624 0.494000
1625 0.578000
1626 0.508000
1627 0.519000
1628 0.549000
1629 0.505000
1630 0.512000
1631 0.503000
1632 0.415000
1633 0.588000
1634 0.525000
1635 0.484000
1636 0.545000
1637 0.509000
1638 0.518000
1639 0.498000
1640 0.503000
1641 0.556000
1642 0.523000
1643 0.456000
1644 0.550000
1645 0.512000
1646 0.489000
1647 0.479000
1648 0.491000
1649 0.583000
1650 0.536000
1651 0.502000
1652 0.560000
1653 0.524000
1654 0.518000
1655 0.421000
1656 0.461000
1657 0.469000
1658 8.577000
1659 7.590000
1660 6.601000
1661 6.560000
1662 6.570000
1663 6.536000
1664 6.799000
1665 6.822000
1666 6.811000
1667 6.818000
1668 7.257000
1669 6.760000
1670 7.226000
1671 7.519000
1672 7.496000
1673 6.991000
1674 7.001000
1675 7.465000
1676 7.477000
1677 7.452000
1678 7.719000
1679 6.734000
1680 5.747000
1681 4.758000
1682 3.770000
1683 2.783000
1684 1.796000
1685 0.810000
1686 0.465000
1687 0.354000
1688 0.355000
1689 0.339000
1690 0.350000
1691 0.377000
1692 0.388000
1693 0.349000
1694 0.447000
1695 0.543000
1696 0.542000
1697 0.444000
1698 0.456000
1699 0.578000
1700 0.475000
1701 0.487000
1702 0.538000
1703 0.470000
1704 0.489000
1705 0.480000
1706 0.584000
1707 0.519000
1708 0.528000
1709 0.438000
1710 0.465000
1711 0.457000
1712 0.455000
1713 0.421000
1714 0.584000
1715 0.567000
1716 0.494000
1717 0.613000
1718 0.602000
1719 0.537000
1720 0.523000
1721 0.565000
1722 0.523000
1723 0.625000
1724 0.546000
1725 0.566000
1726 0.587000
1727 0.547000
1728 0.521000
1729 0.620000
1730 0.546000
1731 0.620000
1732 0.570000
1733 0.542000
1734 0.590000
1735 0.554000
1736 0.480000
1737 0.560000
1738 0.554000
1739 0.513000
1740 0.602000
1741 0.549000
1742 0.609000
1743 0.513000
1744 0.511000
1745 0.549000
1746 0.542000
1747 0.545000
1748 0.506000
1749 0.529000
1750 0.526000
1751 0.553000
1752 0.448000
1753 0.530000
1754 0.524000
1755 0.499000
1756 0.511000
1757 0.521000
1758 2.624000
1759 9.503000
1760 8.516000
1761 7.530000
1762 7.972000
1763 7.468000
1764 7.468000
1765 7.928000
1766 7.689000
1767 8.115000
1768 8.109000
1769 8.106000
1770 8.090000
1771 8.066000
1772 8.066000
1773 8.769000
1774 8.258000
1775 8.228000
1776 8.247000
1777 8.722000
1778 8.282000
1779 7.299000
1780 6.314000
1781 5.329000
1782 4.343000
1783 3.359000
1784 2.374000
1785 1.388000
1786 0.572000
1787 0.383000
1788 0.396000
1789 0.372000
1790 0.418000
1791 0.407000
1792 0.468000
1793 0.535000
1794 0.470000
1795 0.593000
1796 0.611000
1797 0.621000
1798 0.585000
1799 0.597000
1800 0.513000
1801 0.513000
1802 0.501000
1803 0.580000
1804 0.636000
1805 0.513000
1806 0.493000
1807 0.530000
1808 0.475000
1809 0.556000
1810 0.488000
1811 0.499000
1812 0.482000
1813 0.527000
1814 0.506000
1815 0.540000
1816 0.614000
1817 0.539000
1818 0.517000
1819 0.582000
1820 0.547000
1821 0.548000
1822 0.547000
1823 0.547000
1824 0.502000
1825 0.585000
1826 0.506000
1827 0.567000
1828 0.548000
1829 0.570000
1830 0.653000
1831 0.627000
1832 0.503000
1833 0.563000
1834 0.521000
1835 0.545000
1836 0.549000
1837 0.569000
1838 0.518000
1839 0.549000
1840 0.504000
1841 0.591000
1842 0.540000
1843 0.545000
1844 0.565000
1845 0.748000
1846 0.561000
1847 0.579000
1848 0.550000
1849 0.623000
1850 0.597000
1851 0.549000
1852 0.568000
1853 0.626000
1854 0.562000
1855 0.688000
1856 0.566000
1857 0.564000
1858 0.673000
1859 2.185000
1860 10.760000
1861 9.763000
1862 8.764000
1863 8.695000
1864 8.690000
1865 9.143000
1866 9.152000
1867 9.371000
1868 9.339000
1869 9.316000
1870 9.317000
1871 9.298000
1872 9.286000
1873 9.969000
1874 9.966000
1875 9.953000
1876 9.930000
1877 10.202000
1878 9.207000
1879 8.205000
1880 7.206000
1881 6.208000
1882 5.210000
1883 4.215000
1884 3.225000
1885 2.230000
1886 1.233000
1887 0.641000
1888 0.454000
1889 0.455000
1890 0.505000
1891 0.498000
1892 0.532000
1893 0.536000
1894 0.510000
1895 0.557000
1896 0.506000
1897 0.506000
1898 0.534000
1899 0.545000
1900 0.544000
1901 0.550000
1902 0.530000
1903 0.549000
1904 0.624000
1905 0.566000
1906 0.513000
1907 0.539000
1908 0.566000
1909 0.542000
1910 0.480000
1911 0.532000
1912 0.495000
1913 0.495000
1914 0.512000
1915 0.548000
1916 0.543000
1917 0.498000
1918 0.553000
1919 0.558000
1920 0.523000
1921 0.492000
1922 0.476000
1923 0.506000
1924 0.537000
1925 0.562000
1926 0.537000
1927 0.557000
1928 0.566000
1929 0.625000
1930 0.644000
1931 0.553000
1932 0.549000
1933 0.549000
1934 0.529000
1935 0.554000
1936 0.526000
1937 0.571000
1938 0.535000
1939 0.560000
1940 0.553000
1941 0.548000
1942 0.531000
1943 0.569000
1944 0.563000
1945 0.542000
1946 0.527000
1947 0.550000
1948 0.551000
1949 0.541000
1950 0.521000
1951 0.519000
1952 0.533000
1953 0.540000
1954 0.548000
1955 0.552000
1956 0.551000
1957 0.557000
1958 0.528000
1959 0.561000
1960 11.848000
1961 10.852000
1962 9.851000
1963 9.838000
1964 10.058000
1965 10.025000
1966 10.526000
1967 10.462000
1968 10.463000
1969 10.443000
1970 10.451000
1971 10.661000
1972 10.630000
1973 10.591000
1974 10.565000
1975 10.560000
1976 10.534000
1977 10.337000
1978 9.339000
1979 8.342000
1980 7.336000
1981 6.341000
1982 5.344000
1983 4.348000
1984 3.350000
1985 2.353000
1986 1.354000
1987 0.775000
1988 0.401000
1989 0.370000
1990 0.429000
1991 0.439000
1992 0.447000
1993 0.431000
1994 0.459000
1995 0.464000
1996 0.570000
1997 0.543000
1998 0.508000
1999 0.569000
2000 0.538000
2001 0.543000
2002 0.512000
2003 0.574000
2004 0.539000
2005 0.436000
2006 0.476000
2007 0.549000
2008 0.453000
2009 0.457000
2010 0.540000
2011 0.503000
2012 0.565000
2013 0.546000
2014 0.502000
2015 0.570000
2016 0.503000
2017 0.586000
2018 0.529000
2019 0.567000
2020 0.546000
2021 0.557000
2022 0.547000
2023 0.550000
2024 0.626000
2025 0.506000
2026 0.637000
2027 0.552000
2028 0.551000
2029 0.560000
2030 0.528000
2031 0.586000
2032 0.508000
2033 0.631000
2034 0.529000
2035 0.543000
2036 0.586000
2037 0.462000
2038 0.458000
2039 0.565000
2040 0.624000
2041 0.549000
2042 0.508000
2043 0.589000
2044 0.546000
2045 0.504000
2046 0.517000
2047 0.495000
2048 0.585000
2049 0.514000
2050 0.532000
2051 0.567000
2052 0.541000
2053 0.594000
2054 0.524000
2055 0.545000
2056 0.587000
2057 0.586000
2058 0.501000
2059 12.500000
2060 12.210000
2061 11.215000
2062 11.410000
2063 11.413000
2064 11.379000
2065 11.340000
2066 11.317000
2067 11.794000
2068 11.769000
2069 11.961000
2070 11.961000
2071 11.955000
2072 11.936000
2073 11.924000
2074 11.878000
2075 11.424000
2076 10.427000
2077 9.421000
2078 8.425000
2079 7.429000
2080 6.434000
2081 5.438000
2082 4.442000
2083 3.629000
2084 2.634000
2085 1.637000
2086 0.641000
2087 0.462000
2088 0.443000
2089 0.446000
2090 0.463000
2091 0.463000
2092 0.462000
2093 0.501000
2094 0.491000
2095 0.503000
2096 0.464000
2097 0.464000
2098 0.489000
2099 0.501000
2100 0.505000
2101 0.504000
2102 0.488000
2103 0.467000
2104 0.465000
2105 0.460000
2106 0.497000
2107 0.505000
2108 0.463000
2109 0.502000
2110 0.498000
2111 0.460000
2112 0.454000
2113 0.555000
2114 0.527000
2115 0.557000
2116 0.559000
2117 0.561000
2118 0.545000
2119 0.541000
2120 0.537000
2121 0.545000
2122 0.524000
2123 0.564000
2124 0.545000
2125 0.536000
2126 0.543000
2127 0.528000
2128 0.540000
2129 0.519000
2130 0.529000
2131 0.544000
2132 0.538000
2133 0.562000
2134 0.545000
2135 0.558000
2136 0.534000
2137 0.570000
2138 0.524000
2139 0.567000
2140 0.563000
2141 0.544000
2142 0.526000
2143 0.529000
2144 0.566000
2145 0.507000
2146 0.522000
2147 0.495000
2148 0.531000
2149 0.519000
2150 0.515000
2151 0.585000
2152 0.526000
2153 0.539000
2154 0.587000
2155 0.539000
2156 0.588000
2157 0.752000
2158 0.577000
2159 4.184000
2160 13.551000
2161 12.554000
2162 11.556000
2163 11.519000
2164 12.204000
2165 12.201000
2166 12.711000
2167 12.661000
2168 12.619000
2169 12.621000
2170 12.869000
2171 12.348000
2172 12.802000
2173 12.750000
2174 13.057000
2175 12.062000
2176 11.064000
2177 10.066000
2178 9.068000
2179 8.070000
2180 7.072000
2181 6.072000
2182 5.073000
2183 4.077000
2184 3.078000
2185 2.080000
2186 1.081000
2187 0.710000
2188 0.443000
2189 0.399000
2190 0.411000
2191 0.444000
2192 0.444000
2193 0.446000
2194 0.473000
2195 0.468000
2196 0.464000
2197 0.461000
2198 0.470000
2199 0.462000
2200 0.455000
2201 0.453000
2202 0.470000
2203 0.464000
2204 0.461000
2205 0.459000
2206 0.471000
2207 0.461000
2208 0.459000
2209 0.537000
2210 0.516000
2211 0.541000
2212 0.525000
2213 0.535000
2214 0.464000
2215 0.455000
2216 0.501000
2217 0.540000
2218 0.520000
2219 0.536000
2220 0.536000
2221 0.566000
2222 0.539000
2223 0.550000
2224 0.564000
2225 0.628000
2226 0.548000
2227 0.555000
2228 0.554000
2229 0.554000
2230 0.539000
2231 0.547000
2232 0.544000
2233 0.630000
2234 0.587000
2235 0.557000
2236 0.533000
2237 0.505000
2238 0.564000
2239 0.537000
2240 0.570000
2241 0.528000
2242 0.551000
2243 0.557000
2244 0.538000
2245 0.538000
2246 0.467000
2247 0.460000
2248 0.569000
2249 0.507000
2250 0.620000
2251 0.546000
2252 0.585000
2253 0.550000
2254 0.533000
2255 0.567000
2256 0.569000
2257 0.552000
2258 0.544000
2259 6.230000
2260 14.574000
2261 13.579000
2262 13.309000
2263 12.757000
2264 12.711000
2265 13.448000
2266 13.153000
2267 13.415000
2268 13.143000
2269 13.374000
2270 13.083000
2271 13.317000
2272 14.019000
2273 14.084000
2274 13.087000
2275 12.091000
2276 11.093000
2277 10.093000
2278 9.092000
2279 8.095000
2280 7.099000
2281 6.101000
2282 5.103000
2283 4.105000
2284 3.110000
2285 2.107000
2286 1.109000
2287 0.719000
2288 0.451000
2289 0.440000
2290 0.443000
2291 0.442000
2292 0.442000
2293 0.441000
2294 0.517000
2295 0.566000
2296 0.567000
2297 0.584000
2298 0.542000
2299 0.563000
2300 0.570000
2301 0.564000
2302 0.584000
2303 0.566000
2304 0.630000
2305 0.563000
2306 0.548000
2307 0.630000
2308 0.563000
2309 0.628000
2310 0.569000
2311 0.526000
2312 0.579000
2313 0.495000
2314 0.499000
2315 0.558000
2316 0.547000
2317 0.582000
2318 0.532000
2319 0.591000
2320 0.509000
2321 0.539000
2322 0.586000
2323 0.553000
2324 0.569000
2325 0.546000
2326 0.652000
2327 0.554000
2328 0.521000
2329 0.567000
2330 0.543000
2331 0.585000
2332 0.555000
2333 0.549000
2334 0.590000
2335 0.552000
2336 0.569000
2337 0.557000
2338 0.662000
2339 0.648000
2340 0.625000
2341 0.539000
2342 0.645000
2343 0.554000
2344 0.501000
2345 0.624000
2346 0.539000
2347 0.586000
2348 0.541000
2349 0.556000
2350 0.575000
2351 0.546000
2352 0.570000
2353 0.525000
2354 0.631000
2355 0.560000
2356 0.548000
2357 0.585000
2358 0.534000
2359 15.985000
2360 14.989000
2361 13.991000
2362 13.685000
2363 13.911000
2364 14.130000
2365 13.877000
2366 14.099000
2367 14.352000
2368 14.511000
2369 14.493000
2370 14.479000
2371 14.693000
2372 14.465000
2373 13.471000
2374 12.473000
2375 11.477000
2376 10.475000
2377 9.480000
2378 8.480000
2379 7.485000
2380 6.485000
2381 5.487000
2382 4.489000
2383 3.490000
2384 2.495000
2385 1.496000
2386 0.675000
2387 0.442000
2388 0.447000
2389 0.413000
2390 0.448000
2391 0.453000
2392 0.451000
2393 0.376000
2394 0.506000
2395 0.586000
2396 0.544000
2397 0.571000
2398 0.531000
2399 0.568000
2400 0.571000
2401 0.576000
2402 0.624000
2403 0.571000
2404 0.594000
2405 0.674000
2406 0.668000
2407 0.564000
2408 0.562000
2409 0.565000
2410 0.696000
2411 0.558000
2412 0.564000
2413 0.534000
2414 0.572000
2415 0.537000
2416 0.468000
2417 0.583000
2418 0.576000
2419 0.629000
2420 0.632000
2421 0.630000
2422 0.577000
2423 0.572000
2424 0.562000
2425 0.633000
2426 0.591000
2427 0.573000
2428 0.561000
2429 0.554000
2430 0.588000
2431 0.567000
2432 0.527000
2433 0.585000
2434 0.491000
2435 0.594000
2436 0.552000
2437 0.559000
2438 0.567000
2439 0.545000
2440 0.581000
2441 0.507000
2442 0.645000
2443 0.558000
2444 0.547000
2445 0.553000
2446 0.528000
2447 0.573000
2448 0.507000
2449 0.540000
2450 0.573000
2451 0.535000
2452 0.537000
2453 0.569000
2454 0.555000
2455 0.555000
2456 0.581000
2457 0.574000
2458 0.536000
2459 8.845000
2460 16.006001
2461 15.011000
2462 14.745000
2463 14.485000
2464 14.709000
2465 14.896000
2466 14.592000
2467 14.837000
2468 15.044000
2469 15.037000
2470 15.004000
2471 15.183000
2472 14.824000
2473 13.825000
2474 12.827000
2475 11.829000
2476 10.833000
2477 9.830000
2478 8.832000
2479 7.835000
2480 6.840000
2481 5.840000
2482 4.844000
2483 3.843000
2484 2.845000
2485 1.844000
2486 0.848000
2487 0.705000
2488 0.462000
2489 0.442000
2490 0.437000
2491 0.445000
2492 0.430000
2493 0.436000
2494 0.441000
2495 0.569000
2496 0.536000
2497 0.553000
2498 0.586000
2499 0.552000
2500 0.547000
2501 0.586000
2502 0.533000
2503 0.554000
2504 0.561000
2505 0.525000
2506 0.476000
2507 0.500000
2508 0.549000
2509 0.524000
2510 0.536000
2511 0.581000
2512 0.535000
2513 0.501000
2514 0.506000
2515 0.461000
2516 0.560000
2517 0.540000
2518 0.586000
2519 0.540000
2520 0.539000
2521 0.573000
2522 0.521000
2523 0.572000
2524 0.535000
2525 0.543000
2526 0.570000
2527 0.541000
2528 0.586000
2529 0.530000
2530 0.540000
2531 0.558000
2532 0.541000
2533 0.574000
2534 0.528000
2535 0.589000
2536 0.505000
2537 0.519000
2538 0.573000
2539 0.532000
2540 0.574000
2541 0.493000
2542 0.527000
2543 0.567000
2544 0.501000
2545 0.526000
2546 0.520000
2547 0.548000
2548 0.558000
2549 0.490000
2550 0.587000
2551 0.542000
2552 0.551000
2553 0.576000
2554 0.510000
2555 0.585000
2556 0.512000
2557 0.543000
2558 0.573000
2559 0.550000
2560 17.224001
2561 16.228001
2562 15.254000
2563 15.218000
2564 15.203000
2565 15.202000
2566 15.204000
2567 15.190000
2568 15.662000
2569 15.875000
2570 15.861000
2571 15.853000
2572 15.418000
2573 14.423000
2574 13.425000
2575 12.428000
2576 11.427000
2577 10.430000
2578 9.431000
2579 8.433000
2580 7.435000
2581 6.436000
2582 5.438000
2583 4.441000
2584 3.443000
2585 2.446000
2586 1.450000
2587 0.841000
2588 0.470000
2589 0.495000
2590 0.450000
2591 0.497000
2592 0.494000
2593 0.494000
2594 0.437000
2595 0.508000
2596 0.550000
2597 0.539000
2598 0.521000
2599 0.542000
2600 0.525000
2601 0.513000
2602 0.531000
2603 0.504000
2604 0.500000
2605 0.455000
2606 0.460000
2607 0.506000
2608 0.460000
2609 0.455000
2610 0.462000
2611 0.498000
2612 0.506000
2613 0.500000
2614 0.508000
2615 0.465000
2616 0.463000
2617 0.465000
2618 0.533000
2619 0.549000
2620 0.550000
2621 0.550000
2622 0.522000
2623 0.551000
2624 0.563000
2625 0.508000
2626 0.533000
2627 0.571000
2628 0.543000
2629 0.534000
2630 0.591000
2631 0.566000
2632 0.527000
2633 0.543000
2634 0.555000
2635 0.538000
2636 0.565000
2637 0.531000
2638 0.584000
2639 0.537000
2640 0.535000
2641 0.540000
2642 0.531000
2643 0.582000
2644 0.519000
2645 0.581000
2646 0.516000
2647 0.545000
2648 0.526000
2649 0.532000
2650 0.586000
2651 0.535000
2652 0.587000
2653 0.557000
2654 0.572000
2655 0.555000
2656 0.560000
2657 0.512000
2658 0.586000
2659 11.187000
2660 17.160000
2661 16.164000
2662 15.870000
2663 15.871000
2664 15.851000





















































































































































































































































































































































































































































































































































































































































































































































































































































































































































































































































3678 2.351000
3679 1.370000
3680 1.104000
3681 1.158000
3682 1.166000
3683 1.166000
3684 1.130000
3685 1.193000
3686 0.987000
3687 1.058000
3688 0.940000
3689 1.072000
3690 0.909000
3691 1.100000
3692 0.978000
3693 0.949000
3694 0.916000
3695 0.912000
3696 0.845000
3697 0.822000
3698 0.855000
3699 0.864000
3700 0.853000
3701 0.877000
3702 0.845000
3703 0.925000
3704 0.916000
3705 0.805000
3706 0.832000
3707 0.906000
3708 0.897000
3709 0.794000
3710 0.848000
3711 0.849000
3712 0.862000
3713 0.739000
3714 0.740000
3715 0.739000
3716 0.906000
3717 0.809000
3718 0.840000
3719 0.915000
3720 0.891000
3721 0.819000
3722 0.853000
3723 0.889000
3724 0.806000
3725 0.802000
3726 0.818000
3727 0.776000
3728 0.883000
3729 0.838000
3730 0.829000
3731 0.895000
3732 0.894000
3733 0.797000
3734 0.847000
3735 0.915000
3736 0.897000
3737 0.861000
3738 0.855000
3739 0.941000
3740 0.818000
3741 0.855000
3742 0.830000
3743 0.838000
3744 0.829000
3745 0.886000
3746 0.838000
3747 0.818000
3748 0.923000
3749 0.844000
3750 0.810000
3751 0.913000
3752 0.905000
3753 0.831000
3754 0.832000
3755 0.898000
3756 0.881000
3757 0.839000
3758 0.725000
3759 0.852000
3760 0.852000
3761 0.733000
3762 0.736000
3763 0.861000
3764 0.906000
3765 0.868000
3766 0.769000
3767 0.932000
3768 0.888000
3769 0.807000
3770 0.831000
3771 0.944000
3772 0.915000
3773 0.826000
3774 0.826000
3775 0.914000
3776 0.817000
3777 0.857000
3778 0.865000
3779 0.867000
3780 0.953000
3781 0.872000
3782 0.855000
3783 0.909000
3784 0.943000
3785 0.829000
3786 0.846000
3787 0.904000
3788 0.952000
3789 0.870000
3790 0.782000
3791 0.803000
3792 0.806000
3793 0.812000
3794 0.829000
3795 0.909000
3796 0.909000
3797 0.903000
3798 0.816000
3799 0.873000
3800 0.854000
3801 0.855000
3802 0.829000
3803 0.873000
3804 0.878000
3805 0.914000
3806 0.854000
3807 0.941000
3808 0.935000
3809 0.908000
3810 0.844000
3811 0.944000
3812 0.940000
3813 0.847000
3814 0.782000
3815 0.947000
3816 0.942000
3817 0.814000
3818 0.834000
3819 0.908000
3820 0.920000
3821 0.834000
3822 0.823000
3823 0.902000
3824 0.903000
3825 0.788000
3826 0.800000
3827 0.871000
3828 0.922000
3829 0.803000
3830 0.825000
3831 0.852000
3832 0.857000
3833 0.821000
3834 0.798000
3835 0.922000
3836 0.873000
3837 0.875000
3838 0.869000
3839 0.862000
3840 0.865000
3841 0.829000
3842 0.868000
3843 0.970000
3844 0.959000
3845 0.849000
3846 0.871000
3847 0.954000
3848 0.923000
3849 0.824000
3850 0.849000
3851 0.904000
3852 0.921000
3853 0.846000
3854 0.813000
3855 0.956000
3856 0.948000
3857 0.829000
3858 0.827000
3859 0.876000
3860 0.876000
3861 0.778000
3862 0.819000
3863 0.915000
3864 0.915000
3865 0.815000
3866 0.838000
3867 0.870000
3868 0.922000
3869 0.842000
3870 0.858000
3871 0.872000
3872 0.909000
3873 0.806000
3874 0.826000
3875 0.841000
3876 0.956000
3877 0.838000
3878 0.788000
3879 0.956000
3880 0.946000
3881 0.813000
3882 0.793000
3883 0.837000
3884 0.886000
3885 0.820000
3886 0.833000
3887 0.959000
3888 0.953000
3889 0.818000
3890 0.825000
3891 0.878000
3892 0.920000
3893 0.859000
3894 0.832000
3895 0.918000
3896 0.915000
3897 0.913000
3898 0.834000
3899 0.873000
3900 0.875000
3901 0.877000
3902 0.791000
3903 0.955000
3904 0.942000
3905 0.858000
3906 0.858000
3907 0.960000
3908 0.921000
3909 0.840000
3910 0.797000
3911 0.961000
3912 0.954000
3913 0.830000
3914 0.825000
3915 0.953000
3916 0.932000
3917 0.773000
3918 0.822000
3919 0.900000
3920 0.879000
3921 0.805000
3922 0.817000
3923 0.926000
3924 0.805000
3925 0.816000
3926 0.911000
3927 0.834000
3928 0.802000
3929 0.817000
3930 0.788000
3931 0.800000
3932 0.871000
3933 0.915000
3934 0.800000
3935 0.853000
3936 0.836000
3937 0.875000
3938 0.851000
3939 0.782000
3940 0.921000
3941 0.892000
3942 0.898000
3943 0.899000
3944 0.899000
3945 0.837000
3946 0.818000
3947 0.806000
3948 0.894000
3949 0.901000
3950 0.739000
3951 0.761000
3952 0.935000
3953 0.953000
3954 0.834000
3955 0.878000
3956 0.915000
3957 0.884000
3958 0.759000
3959 0.922000
3960 0.933000
3961 0.838000
3962 0.739000
3963 0.878000
3964 0.870000
3965 0.887000
3966 0.746000
3967 0.911000
3968 0.920000
3969 0.930000
3970 0.767000
3971 0.859000
3972 0.967000
3973 0.941000
3974 0.734000
3975 0.772000
3976 0.906000
3977 0.949000
3978 0.803000
3979 0.890000
3980 0.862000
3981 0.841000
3982 0.852000
3983 0.865000
3984 0.894000
3985 0.923000
3986 0.774000
3987 0.800000
3988 0.837000
3989 0.850000
3990 0.837000
3991 0.802000
3992 0.891000
3993 0.942000
3994 0.835000
3995 0.850000
3996 0.939000
3997 0.877000
3998 0.787000
3999 0.797000
4000 0.934000
4001 0.906000
4002 0.840000
4003 0.771000
4004 0.860000
4005 0.874000
4006 0.843000
4007 0.857000
4008 0.740000
4009 0.796000
4010 0.815000
4011 0.780000
4012 0.794000
4013 0.846000
4014 0.829000
4015 0.752000
4016 0.716000
4017 0.858000
4018 0.863000
4019 0.739000
4020 0.766000
4021 0.898000
4022 0.909000
4023 0.717000
4024 0.813000
4025 0.821000
4026 0.681000
4027 0.595000
4028 0.741000
4029 0.876000
4030 0.875000
4031 0.755000
4032 0.823000
4033 0.923000
4034 0.959000
4035 0.825000
4036 0.810000
4037 0.870000
4038 0.886000
4039 0.741000
4040 0.920000
4041 0.901000
4042 0.974000
4043 0.752000
4044 0.849000
4045 0.920000
4046 0.830000
4047 0.683000
4048 0.836000
4049 0.846000
4050 0.853000
4051 0.708000
4052 0.746000
4053 0.891000
4054 0.848000
4055 0.716000
4056 0.830000
4057 0.883000
4058 0.897000
4059 0.825000
4060 0.802000
4061 0.870000
4062 0.886000
4063 0.814000
4064 0.774000
4065 0.858000
4066 0.930000
4067 0.716000
4068 0.854000
4069 0.838000
4070 0.924000
4071 0.781000
4072 0.796000
4073 0.870000
4074 0.842000
4075 0.782000
4076 0.717000
4077 0.763000
4078 0.915000
4079 0.846000
4080 0.902000
4081 0.935000
4082 0.833000
4083 0.797000
4084 0.808000
4085 0.910000
4086 0.831000
4087 0.810000
4088 0.823000
4089 0.785000
4090 0.883000
4091 0.895000
4092 0.776000
4093 0.840000
4094 0.896000
4095 0.942000
4096 0.824000
4097 0.841000
4098 0.859000
4099 0.850000
4100 0.867000
4101 0.833000
4102 0.823000
4103 0.833000
4104 0.802000
4105 0.863000
4106 0.868000
4107 0.937000
4108 0.773000
4109 0.839000
4110 0.890000
4111 0.928000
4112 0.853000
4113 0.863000
4114 0.902000
4115 0.899000
4116 0.797000
4117 0.891000
4118 0.902000
4119 0.897000
4120 0.785000
4121 0.867000
4122 0.899000
4123 0.945000
4124 0.876000
4125 0.879000
4126 0.883000
4127 0.827000
4128 0.765000
4129 0.901000
4130 0.943000
4131 0.929000
4132 0.728000
4133 0.820000
4134 0.892000
4135 0.871000
4136 0.780000
4137 0.907000
4138 0.884000
4139 0.892000
4140 0.831000
4141 0.878000
4142 0.925000
4143 0.938000
4144 0.749000
4145 0.799000
4146 0.909000
4147 0.933000
4148 0.807000
4149 0.819000
4150 0.878000
4151 0.888000
4152 0.738000
4153 0.692000
4154 0.877000
4155 0.927000
4156 0.851000
4157 0.780000
4158 0.868000
4159 0.900000
4160 0.865000
4161 0.882000
4162 0.905000
4163 0.952000
4164 0.871000
4165 0.815000
4166 0.806000
4167 0.843000
4168 0.848000
4169 0.861000
4170 0.791000
4171 0.886000
4172 0.903000
4173 0.863000
4174 0.810000
4175 0.878000
4176 0.866000
4177 0.795000
4178 0.724000
4179 0.801000
4180 0.840000
4181 0.766000
4182 0.820000
4183 0.955000
4184 0.839000
4185 0.811000
4186 0.821000
4187 0.913000
4188 0.915000
4189 0.839000
4190 0.837000
4191 0.948000
4192 0.937000
4193 0.824000
4194 0.794000
4195 0.932000
4196 0.932000
4197 0.755000
4198 0.857000
4199 0.933000
4200 0.925000
4201 0.803000
4202 0.895000
4203 0.971000
4204 0.921000
4205 0.741000
4206 0.905000
4207 0.827000
4208 0.839000
4209 0.790000
4210 0.864000
4211 0.878000
4212 0.888000
4213 0.742000
4214 0.792000
4215 0.927000
4216 0.817000
4217 0.767000
4218 0.842000
4219 0.940000
4220 0.842000
4221 0.881000
4222 0.804000
4223 0.904000
4224 0.917000
4225 0.847000
4226 0.910000
4227 0.867000
4228 0.842000
4229 0.834000
4230 0.807000
4231 0.856000
4232 0.812000
4233 0.886000
4234 0.821000
4235 0.800000
4236 0.794000
4237 0.744000
4238 0.818000
4239 0.893000
4240 0.893000
4241 0.890000
4242 0.808000
4243 0.954000
4244 0.916000
4245 0.807000
4246 0.818000
4247 0.869000
4248 0.880000
4249 0.850000
4250 0.870000
4251 0.850000
4252 0.928000
4253 0.941000
4254 0.768000
4255 0.805000
4256 0.817000
4257 0.875000
4258 0.805000
4259 0.834000
4260 0.904000
4261 0.878000
4262 0.850000
4263 0.862000
4264 0.887000
4265 0.885000
4266 0.813000
4267 0.832000
4268 0.924000
4269 0.850000
4270 0.814000
4271 0.809000
4272 0.901000
4273 0.932000
4274 0.783000
4275 0.838000
4276 0.929000
4277 0.968000
4278 0.791000
4279 0.860000
4280 0.829000
4281 0.893000
4282 0.836000
4283 0.884000
4284 0.943000
4285 0.957000
4286 0.800000
4287 0.879000
4288 0.890000
4289 0.843000
4290 0.731000
4291 0.867000
4292 0.917000
4293 0.931000
4294 0.837000
4295 0.890000
4296 0.844000
4297 0.863000
4298 0.789000
4299 0.885000
4300 0.892000
4301 0.865000
4302 0.804000
4303 0.878000
4304 0.898000
4305 0.956000
4306 0.840000
4307 0.797000
4308 0.866000
4309 0.943000
4310 0.817000
4311 0.828000
4312 0.930000
4313 0.936000
4314 0.858000
4315 0.770000
4316 0.891000
4317 0.923000
4318 0.804000
4319 0.811000
4320 0.920000
4321 0.836000
4322 0.848000
4323 0.770000
4324 0.871000
4325 0.920000
4326 0.811000
4327 0.811000
4328 0.829000
4329 0.843000
4330 0.843000
4331 0.839000
4332 0.755000
4333 0.894000
4334 0.906000
4335 0.797000
4336 0.805000
4337 0.829000
4338 0.828000
4339 0.718000
4340 0.817000
4341 0.874000
4342 0.860000
4343 0.836000
4344 0.878000
4345 0.915000
4346 0.928000
4347 0.818000
4348 0.825000
4349 0.945000
4350 0.890000
4351 0.776000
4352 0.814000
4353 0.941000
4354 0.947000
4355 0.827000
4356 0.838000
4357 0.925000
4358 0.868000
4359 0.836000
4360 0.831000
4361 0.844000
4362 0.915000
4363 0.800000
4364 0.889000
4365 0.949000
4366 0.906000
4367 0.770000
4368 0.900000
4369 0.903000
4370 0.888000
4371 0.795000
4372 0.939000
4373 0.949000
4374 0.948000
4375 0.725000
4376 0.796000
4377 0.786000
4378 0.822000
4379 0.797000
4380 0.845000
4381 0.901000
4382 0.908000
4383 0.807000
4384 0.880000
4385 0.782000
4386 0.897000
4387 0.805000
4388 0.866000
4389 0.829000
4390 0.882000
4391 0.818000
4392 0.788000
4393 0.898000
4394 0.862000
4395 0.805000
4396 0.813000
4397 0.949000
4398 0.927000
4399 0.808000
4400 0.765000
4401 0.842000
4402 0.891000
4403 0.757000
4404 0.881000
4405 0.952000
4406 0.917000
4407 0.697000
4408 0.813000
4409 0.835000
4410 0.836000
4411 0.802000
4412 0.864000
4413 0.803000
4414 0.900000
4415 0.921000
4416 0.715000
4417 0.794000
4418 0.902000
4419 0.879000
4420 0.822000
4421 0.828000
4422 0.941000
4423 0.934000
4424 0.826000
4425 0.854000
4426 0.846000
4427 0.853000
4428 0.767000
4429 0.820000
4430 0.928000
4431 0.936000
4432 0.857000
4433 0.786000
4434 0.969000
4435 0.874000
4436 0.798000
4437 0.809000
4438 0.943000
4439 0.831000
4440 0.808000
4441 0.810000
4442 0.864000
4443 0.878000
4444 0.767000
4445 0.863000
4446 0.921000
4447 0.845000
4448 0.702000
4449 0.832000
4450 0.845000
4451 0.856000
4452 0.746000
4453 0.796000
4454 0.891000
4455 0.902000
4456 0.755000
4457 0.783000
4458 0.900000
4459 0.828000
4460 0.781000
4461 0.859000
4462 0.841000
4463 0.856000
4464 0.818000
4465 0.876000
4466 0.920000
4467 0.903000
4468 0.814000
4469 0.808000
4470 0.877000
4471 0.940000
4472 0.775000
4473 0.804000
4474 0.905000
4475 0.924000
4476 0.839000
4477 0.812000
4478 0.849000
4479 0.926000
4480 0.818000
4481 0.825000
4482 0.829000
4483 0.846000
4484 0.912000
4485 0.863000
4486 0.917000
4487 0.886000
4488 0.742000
4489 0.809000
4490 0.718000
4491 0.857000
4492 0.906000
4493 0.848000
4494 0.861000
4495 0.905000
4496 0.884000
4497 0.803000
4498 0.796000
4499 0.830000
4500 0.881000
4501 0.768000
4502 0.733000
4503 0.858000
4504 0.891000
4505 0.776000
4506 0.774000
4507 0.736000
4508 0.852000
4509 0.865000
4510 0.833000
4511 0.842000
4512 0.816000
4513 0.749000
4514 0.823000
4515 0.800000
4516 0.980000
4517 0.761000
4518 0.819000
4519 0.911000
4520 0.904000
4521 0.792000
4522 0.859000
4523 0.950000
4524 0.854000
4525 0.767000
4526 0.811000
4527 0.939000
4528 0.922000
4529 0.816000
4530 0.843000
4531 0.906000
4532 0.845000
4533 0.735000
4534 0.792000
4535 0.867000
4536 0.883000
4537 0.826000
4538 0.855000
4539 0.909000
4540 0.887000
4541 0.800000
4542 0.808000
4543 0.923000
4544 0.913000
4545 0.805000
4546 0.814000
4547 0.902000
4548 0.974000
4549 0.838000
4550 0.829000
4551 0.960000
4552 0.972000
4553 0.836000
4554 0.858000
4555 0.861000
4556 0.873000
4557 0.723000
4558 0.805000
4559 0.966000
4560 0.976000
4561 0.796000
4562 0.848000
4563 0.898000
4564 0.916000
4565 0.825000
4566 0.909000
4567 0.875000
4568 0.873000
4569 0.821000
4570 0.854000
4571 0.902000
4572 0.851000
4573 0.821000
4574 0.833000
4575 0.943000
4576 0.907000
4577 0.836000
4578 0.820000
4579 0.893000
4580 0.875000
4581 0.838000
4582 0.800000
4583 0.836000
4584 0.929000
4585 0.845000
4586 0.884000
4587 0.860000
4588 0.868000
4589 0.806000
4590 0.845000
4591 0.964000
4592 0.842000
4593 0.782000
4594 0.918000
4595 0.887000
4596 0.909000
4597 0.818000
4598 0.833000
4599 0.885000
4600 0.956000
4601 0.817000
4602 0.817000
4603 0.902000
4604 0.884000
4605 0.792000
4606 0.814000
4607 0.823000
4608 0.882000
4609 0.797000
4610 0.812000
4611 0.880000
4612 0.868000
4613 0.801000
4614 0.836000
4615 0.940000
4616 0.943000
4617 0.802000
4618 0.893000
4619 0.867000
4620 0.876000
4621 0.805000
4622 0.829000
4623 0.858000
4624 0.898000
4625 0.857000
4626 0.826000
4627 0.844000
4628 0.927000
4629 0.858000
4630 0.832000
4631 0.928000
4632 0.842000
4633 0.732000
4634 0.756000
4635 0.946000
4636 0.979000
4637 0.801000
4638 0.849000
4639 0.932000
4640 0.816000
4641 0.778000
4642 0.863000
4643 0.774000
4644 0.779000
4645 0.764000
4646 0.898000
4647 0.958000
4648 0.897000
4649 0.876000
4650 0.854000
4651 0.854000
4652 0.897000
4653 0.782000
4654 0.862000
4655 0.864000
4656 0.906000
4657 0.703000
4658 0.770000
4659 0.876000
4660 0.832000
4661 0.814000
4662 0.850000
4663 0.851000
4664 0.826000
4665 0.834000
4666 0.862000
4667 0.861000
4668 0.849000
4669 0.832000
4670 0.864000
4671 0.957000
4672 0.863000
4673 0.862000
4674 0.868000
4675 0.852000
4676 0.850000
4677 0.777000
4678 0.785000
4679 0.867000
4680 0.886000
4681 0.794000
4682 0.775000
4683 0.799000
4684 0.886000
4685 0.806000
4686 0.811000
4687 0.869000
4688 0.884000
4689 0.829000
4690 0.899000
4691 0.900000
4692 0.901000
4693 0.827000
4694 0.912000
4695 0.975000
4696 0.971000
4697 0.840000
4698 0.865000
4699 0.883000
4700 0.888000
4701 0.785000
4702 0.818000
4703 0.908000
4704 0.782000
4705 0.817000
4706 0.902000
4707 0.920000
4708 0.891000
4709 0.873000
4710 0.907000
4711 0.926000
4712 0.906000
4713 0.789000
4714 0.920000
4715 0.932000
4716 0.972000
4717 0.790000
4718 0.909000
4719 0.947000
4720 0.927000
4721 0.805000
4722 0.915000
4723 0.950000
4724 0.908000
4725 0.806000
4726 0.825000
4727 0.918000
4728 0.944000
4729 0.818000
4730 0.842000
4731 0.845000
4732 0.828000
4733 0.712000
4734 0.887000
4735 0.892000
4736 0.953000
4737 0.811000
4738 0.818000
4739 0.899000
4740 0.901000
4741 0.842000
4742 0.914000
4743 0.973000
4744 0.852000
4745 0.780000
4746 0.802000
4747 0.878000
4748 0.858000
4749 0.811000
4750 0.829000
4751 0.919000
4752 0.877000
4753 0.793000
4754 0.821000
4755 0.915000
4756 0.910000
4757 0.807000
4758 0.761000
4759 0.883000
4760 0.904000
4761 0.782000
4762 0.768000
4763 0.936000
4764 0.898000
4765 0.773000
4766 0.783000
4767 0.888000
4768 0.913000
4769 0.808000
4770 0.835000
4771 0.931000
4772 0.929000
4773 0.808000
4774 0.833000
4775 0.869000
4776 0.942000
4777 0.821000
4778 0.825000
4779 0.974000
4780 0.927000
4781 0.867000
4782 0.819000
4783 0.829000
4784 0.869000
4785 0.847000
4786 0.835000
4787 0.891000
4788 0.892000
4789 0.828000
4790 0.844000
4791 0.868000
4792 0.866000
4793 0.854000
4794 0.845000
4795 0.885000
4796 0.888000
4797 0.866000
4798 0.844000
4799 0.869000
4800 0.867000
4801 0.869000
4802 0.824000
4803 0.877000
4804 0.880000
4805 0.838000
4806 0.823000
4807 0.942000
4808 0.900000
4809 0.827000
4810 0.819000
4811 0.921000
4812 0.895000
4813 0.825000
4814 0.880000
4815 0.905000
4816 0.900000
4817 0.865000
4818 0.848000
4819 0.848000
4820 0.966000
4821 0.854000
4822 0.840000
4823 0.946000
4824 0.860000
4825 0.848000
4826 0.768000
4827 0.870000
4828 0.881000
4829 0.842000
4830 0.839000
4831 0.866000
4832 0.957000
4833 0.856000
4834 0.829000
4835 0.883000
4836 0.949000
4837 0.834000
4838 0.897000
4839 0.907000
4840 0.906000
4841 0.871000
4842 0.821000
4843 0.896000
4844 0.912000
4845 0.775000
4846 0.841000
4847 0.863000
4848 0.850000
4849 0.854000
4850 0.834000
4851 0.945000
4852 0.949000
4853 0.839000
4854 0.869000
4855 0.908000
4856 0.868000
4857 0.784000
4858 0.778000
4859 0.894000
4860 0.890000
4861 0.853000
4862 0.851000
4863 0.870000
4864 0.867000
4865 0.860000
4866 0.843000
4867 0.851000
4868 0.943000
4869 0.834000
4870 0.830000
4871 0.972000
4872 0.905000
4873 0.867000
4874 0.851000
4875 0.907000
4876 0.972000
4877 0.827000
4878 0.877000
4879 0.973000
4880 0.870000
4881 0.785000
4882 0.811000
4883 0.947000
4884 0.885000
4885 0.870000
4886 0.850000
4887 0.949000
4888 0.864000
4889 0.783000
4890 0.729000
4891 0.843000
4892 0.886000
4893 0.846000
4894 0.846000
4895 0.865000
4896 0.944000
4897 0.845000
4898 0.845000
4899 0.946000
4900 0.933000
4901 0.837000
4902 0.824000
4903 0.877000
4904 0.865000
4905 0.873000
4906 0.845000
4907 0.895000
4908 0.892000
4909 0.825000
4910 0.876000
4911 0.875000
4912 0.869000
4913 0.832000
4914 0.808000
4915 0.890000
4916 0.850000
4917 0.868000
4918 0.860000
4919 0.903000
4920 0.865000
4921 0.865000
4922 0.828000
4923 0.890000
4924 0.891000
4925 0.862000
4926 0.849000
4927 0.955000
4928 0.952000
4929 0.833000
4930 0.822000
4931 0.922000
4932 0.925000
4933 0.884000
4934 0.817000
4935 0.972000
4936 0.901000
4937 0.868000
4938 0.871000
4939 0.973000
4940 0.894000
4941 0.850000
4942 0.861000
4943 0.860000
4944 0.861000
4945 0.776000
4946 0.840000
4947 0.845000
4948 0.860000
4949 0.790000
4950 0.845000
4951 0.863000
4952 0.952000
4953 0.863000
4954 0.849000
4955 0.887000
4956 0.858000
4957 0.836000
4958 0.832000
4959 0.861000
4960 0.919000
4961 0.827000
4962 0.847000
4963 0.929000
4964 0.920000
4965 0.884000
4966 0.857000
4967 0.913000
4968 0.883000
4969 0.786000
4970 0.847000
4971 0.850000
4972 0.893000
4973 0.787000
4974 0.835000
4975 0.940000
4976 0.850000
4977 0.839000
4978 0.781000
4979 0.897000
4980 0.892000
4981 0.868000
4982 0.857000
4983 0.879000
4984 0.872000
4985 0.870000
4986 0.845000
4987 0.838000
4988 0.907000
4989 0.831000
4990 0.826000
4991 0.907000
4992 0.905000
4993 0.827000
4994 0.831000
4995 0.927000
4996 0.922000
4997 0.824000
4998 0.874000
4999 0.905000
5000 0.902000
