#Delay(us)	rewriting	tunneling
1000	515.30000000000000000000	361.40000000000000000000
2000	570.30000000000000000000	372.60000000000000000000
3000	685.80000000000000000000	275.50000000000000000000
4000	572.10000000000000000000	394.90000000000000000000
5000	593.90000000000000000000	378.80000000000000000000
6000	539.60000000000000000000	437.30000000000000000000
7000	501.60000000000000000000	478.00000000000000000000
8000	508.80000000000000000000	470.40000000000000000000
8870	491.20000000000000000000	492.60000000000000000000
