#ping_size	no-rewriting	rewriting
200	0.988	0.984
400	1.019	1.017
600	1.012	1.025
800	1.059	1.051
1000	1.090	1.086
1200	1.122	1.114
1400	1.151	1.122
1600	1.175	1.191
1800	1.171	1.232
2000	1.535	1.508
2200	1.615	1.651
2400	1.648	1.649
2600	1.668	1.659
2800	1.633	1.686
3000	1.695	1.714
3200	1.716	1.689
3400	1.749	1.660
3600	1.696	1.755
3800	1.740	1.704
4000	1.787	1.748
4200	3.211	3.201
4400	3.183	3.178
4600	3.261	3.222
4800	3.227	3.248
5000	3.260	3.261
5200	3.283	3.289
5400	3.311	3.293
5600	3.343	3.306
5800	3.376	3.318
6000	3.482	3.293
6200	3.359	3.401
6400	3.391	3.530
6600	3.479	3.470
6800	3.559	3.557
7000	3.670	3.674
7200	3.687	3.837
7400	3.782	3.839
7600	3.860	3.974
7800	3.900	3.912
8000	3.983	3.896
8200	3.945	3.950
8400	3.971	3.946
8600	4.054	4.083
8800	4.004	4.117
8952	4.144	4.010
