#ping_size	no-rewriting	rewriting
200	0.983	0.982
400	1.007	1.008
600	1.042	1.034
800	1.052	1.049
1000	1.115	1.108
1200	1.123	1.118
1400	1.131	1.139
1600	1.191	1.185
1800	1.186	1.216
2000	1.516	1.537
2200	1.617	1.638
2400	1.638	1.619
2600	1.664	1.650
2800	1.689	1.664
3000	1.688	1.663
3200	1.711	1.701
3400	1.708	1.705
3600	1.728	1.732
3800	1.768	1.756
4000	1.764	1.777
4200	3.153	3.155
4400	3.205	3.199
4600	3.227	3.269
4800	3.256	3.243
5000	3.283	3.258
5200	3.292	3.319
5400	3.313	3.279
5600	3.328	3.324
5800	3.344	3.289
6000	3.425	3.342
6200	3.384	3.403
6400	3.440	3.387
6600	3.395	3.489
6800	3.627	3.562
7000	3.775	3.849
7200	3.787	3.638
7400	3.877	3.808
7600	3.928	3.886
7800	3.917	3.950
8000	3.969	3.907
8200	3.974	4.026
8400	4.104	4.000
8600	4.123	4.084
8800	4.058	4.084
8952	4.119	4.036
