#ping_size	no-rewriting	rewriting
200	0.304	0.292
400	0.322	0.318
600	0.338	0.342
800	0.353	0.357
1000	0.382	0.371
1200	0.410	0.398
1400	0.438	0.435
1600	0.449	0.456
1800	0.462	0.473
2000	0.485	0.487
2200	0.516	0.508
2400	0.530	0.538
2600	0.558	0.556
2800	0.584	0.580
3000	0.602	0.599
3200	0.627	0.623
3400	0.650	0.651
3600	0.670	0.679
3800	0.699	0.700
4000	0.717	0.718
4200	0.734	0.737
4400	0.753	0.761
4600	0.770	0.775
4800	0.809	0.809
5000	0.828	0.828
5200	0.845	0.846
5400	0.866	0.858
5600	0.882	0.876
5800	0.903	0.903
6000	0.935	0.930
6200	0.946	0.944
6400	0.961	0.959
6600	0.976	0.973
6800	0.994	0.991
7000	1.018	1.010
7200	1.035	1.036
7400	1.048	1.069
7600	1.089	1.074
7800	1.107	1.104
8000	1.125	1.126
8200	1.145	1.153
8400	1.173	1.170
8600	1.202	1.196
8800	1.220	1.210
8952	1.235	1.226
