#MTU	rewriting	tunneling
1500	928.20000000000000000000	887.90000000000000000000
2000	946.00000000000000000000	914.60000000000000000000
3000	964.00000000000000000000	942.00000000000000000000
4000	973.00000000000000000000	956.00000000000000000000
5000	978.00000000000000000000	965.00000000000000000000
6000	981.90000000000000000000	970.80000000000000000000
7000	984.00000000000000000000	975.00000000000000000000
8000	986.00000000000000000000	978.00000000000000000000
8930	988.00000000000000000000	980.00000000000000000000
