#ping_size	tunneling	rewriting
200	0.920	0.883
400	0.954	0.912
600	0.981	0.928
800	0.984	0.948
1000	1.028	0.978
1200	1.045	0.997
1400	1.063	1.035
1600	1.126	1.065
1800	1.143	1.080
2000	1.557	1.524
2200	1.539	1.511
2400	1.543	1.520
2600	1.577	1.520
2800	1.594	1.534
3000	1.597	1.565
3200	1.603	1.590
3400	1.629	1.601
3600	1.658	1.618
3800	1.637	1.640
4000	3.124	1.645
4200	3.124	3.111
4400	3.157	3.117
4600	3.164	3.185
4800	3.211	3.192
5000	3.229	3.217
5200	3.285	3.208
5400	3.398	3.248
5600	3.561	3.306
5800	3.649	3.348
6000	3.604	3.287
6200	3.781	3.358
6400	3.760	3.553
6600	3.818	3.667
6800	3.829	3.647
7000	3.852	3.826
7200	3.882	3.893
7400	4.007	3.835
7600	4.003	3.968
7800	4.073	3.893
8000	4.068	4.074
