#ping_size	no-rewriting	rewriting
200	0.309	0.297
400	0.321	0.322
600	0.334	0.342
800	0.355	0.356
1000	0.387	0.380
1200	0.415	0.417
1400	0.434	0.441
1600	0.456	0.461
1800	0.480	0.476
2000	0.503	0.497
2200	0.523	0.529
2400	0.551	0.547
2600	0.568	0.558
2800	0.587	0.580
3000	0.607	0.608
3200	0.623	0.632
3400	0.643	0.652
3600	0.672	0.667
3800	0.692	0.690
4000	0.702	0.709
4200	0.727	0.734
4400	0.747	0.745
4600	0.779	0.775
4800	0.795	0.793
5000	0.813	0.814
5200	0.831	0.825
5400	0.850	0.847
5600	0.873	0.882
5800	0.912	0.914
6000	0.931	0.926
6200	0.945	0.943
6400	0.960	0.958
6600	0.975	0.965
6800	0.994	0.995
7000	1.008	1.019
7200	1.027	1.031
7400	1.061	1.061
7600	1.083	1.085
7800	1.094	1.105
8000	1.132	1.133
8200	1.152	1.154
8400	1.172	1.174
8600	1.191	1.200
8800	1.212	1.210
8952	1.224	1.227
